1801 4286
2864 5665
6254 438
1707 476
2463 2486
5975 4534
1838 5042
5919 4580
2236 5192
6577 6661
5475 2467
1873 5374
619 710
2023 518
4923 3102
5887 6951
4749 3238
194 4364
2476 2430
2844 2274
19 4727
3264 3470
1424 348
4131 2676
5912 6428
4513 6067
4004 2198
206 4349
3749 6159
4638 2834
4928 2330
2649 75
1477 4785
4372 3077
5551 4162
5479 2743
5921 6986
606 6940
546 3859
3349 5485
3568 6507
2907 3456
4726 2156
1906 2909
841 2177
5581 5692
2749 3052
4825 2513
1677 402
4425 6973
2663 1258
454 2642
3546 322
476 2651
5072 5279
6782 5329
3721 6565
4254 822
4221 1034
3397 3695
2921 6005
4773 1031
580 6177
2158 2919
399 5712
2979 3320
3790 3348
6392 6440
2529 6138
2808 6233
3684 5429
859 4917
744 2251
4150 1702
240 2209
614 3429
2690 2312
2484 3222
4796 6483
556 1321
4642 2106
1712 3669
2377 2573
5357 4474
5499 69
533 5954
3023 6820
3408 4164
2473 6444
2404 5506
1514 6142
3931 1472
1418 1126
191 2358
5487 5896
1228 3097
3184 3316
5095 4999
2498 3711
2865 5403
3255 1736
4560 2805
2120 6341
1488 2249
4173 3472
1399 1856
3004 592
4964 6652
6000 3921
1572 3267
6693 2794
3740 1088
3018 3670
6120 2277
501 6460
408 6277
1639 2285
3765 2737
3819 4988
3293 2478
3759 5090
2436 3531
3305 2395
1389 5574
652 4428
2704 5212
4074 2215
4545 579
930 549
3867 4283
4806 6567
5207 3861
2179 4897
1875 4570
5557 5234
87 2772
552 6330
974 6399
3768 5142
5039 3225
450 5842
5276 3824
6306 6231
4929 5267
2708 862
4365 5439
4781 6050
938 5569
4999 3673
1648 6048
386 1353
922 1049
3750 553
1142 5196
2108 269
5997 4451
249 648
4661 5432
1295 5995
5249 1906
3647 5762
1820 6442
842 679
5631 3078
6870 3964
1819 6606
2804 5914
3282 1163
4751 798
1982 1273
3093 1009
3228 5920
4990 4377
4136 4123
3415 645
4603 2099
1601 3461
5534 221
1771 5235
5177 5440
2389 2231
1637 2536
6578 6529
2082 6976
1432 3668
5097 6078
1253 4948
2393 5558
3150 6116
3544 1615
2818 6528
1334 2541
128 4041
1919 4626
4114 6254
3458 868
4613 1145
5256 4436
6093 4032
6963 6370
993 5723
3367 4662
1271 5275
4423 2494
2270 4149
1461 891
5604 1465
1283 6891
3675 1555
6125 1094
6538 799
6767 3306
2990 4628
4711 1531
1790 2880
6441 929
703 4483
6532 4239
5070 937
1996 1008
5493 4034
6657 654
1869 4195
371 1127
5861 3827
2305 6272
3134 2868
4244 2876
2832 1070
855 3221
5885 393
4210 2114
2366 1202
5384 1776
2794 1069
4395 4390
3073 128
6852 6031
5863 2822
1647 1700
3722 5371
4779 4921
6334 641
288 1832
3432 2093
5056 3131
6921 5702
6806 4362
5865 1130
612 2025
493 5891
2288 2118
4969 1171
3373 6175
2716 2631
6224 6827
6467 1493
3020 973
2301 67
1191 2828
3109 1834
3930 3998
6500 1898
2543 2503
5621 3700
1711 5038
4881 5689
989 5355
508 4232
1182 6326
5474 2757
3275 5261
204 673
6795 5616
916 2558
484 1623
957 938
4048 38
4002 3350
360 103
3791 5556
1754 2001
2717 2130
2136 1528
514 3525
5190 4940
3559 3040
975 6413
3747 5062
1583 5958
2193 6577
2689 2284
3667 6755
1029 2329
5674 2439
5282 4701
2216 5850
6404 5100
4706 5064
5693 4793
2095 4052
3806 6894
6086 1414
3383 3236
4460 4652
2422 2418
6375 294
3334 8
3564 5106
2182 4851
5114 4730
4493 1833
3364 1076
37 6485
3693 2835
4093 6360
4748 4230
6113 251
6107 5576
3409 1558
2633 5987
94 606
6187 532
3090 4998
2244 3384
6660 5874
2586 5283
1642 3105
424 5499
5253 4951
5043 1939
5421 2336
1918 3321
3622 371
6071 4342
5270 3290
898 1500
6529 485
4760 1152
1472 5554
2160 4979
828 5591
2142 4107
6956 982
6243 5915
6713 114
1235 2803
4753 4468
1934 2532
4284 1390
4667 4405
5874 884
5957 6262
5525 3768
6953 2321
5873 5268
630 389
6639 264
6970 5160
4606 335
2177 6183
6556 3637
1674 6864
5510 5502
6476 6909
2891 6785
1710 6073
3975 4745
2673 4398
674 1950
313 1693
3657 1445
2487 5321
1798 2331
1064 3325
340 1491
5699 5953
944 3168
5360 1280
4276 856
1104 6167
4224 2346
2026 3262
1048 767
2820 2931
5082 2413
3385 6782
5264 4563
1128 4883
6142 1587
2901 5462
6435 3188
5971 320
3626 5088
2364 5017
4342 991
3778 2135
3291 5061
4183 5774
1254 5579
6640 3041
901 3258
5076 3709
333 6098
369 285
157 3704
2050 4790
5958 5738
1804 3662
107 3012
1953 1295
931 6258
2275 4858
1439 3991
665 6868
6539 1143
6129 4512
5569 255
6092 5859
1522 4590
698 5824
2047 5457
5798 3724
3005 6222
3552 2352
6896 5625
5129 5363
2413 381
6395 1442
5410 1951
2055 4012
6662 2066
1041 1870
914 362
2790 3698
2942 1427
50 4700
6809 6477
3071 2957
4108 6463
5512 6617
3616 5937
3286 1677
1143 4090
1892 638
1336 1231
642 2045
189 5773
1444 2098
879 5066
4103 3550
5901 2525
4380 3559
6349 6356
4801 2131
3466 1676
810 267
4708 6871
1148 1501
6484 4549
5830 2703
5903 4562
1722 1983
170 5383
3581 2235
5765 5448
6872 349
5104 2052
6238 5772
3245 5538
3540 3228
6909 6430
4807 3510
5635 1184
5175 2917
3256 3109
1243 3762
272 382
2295 5237
2036 953
3066 839
2642 6830
144 6805
6739 3556
218 6908
229 5726
4713 2915
2486 1838
3428 848
337 4212
4947 1299
5184 5817
4062 3115
585 3285
2887 2859
1391 266
2191 4435
304 837
3099 3477
5376 3787
560 3414
5246 4944
6432 1887
5389 2054
2097 2166
2897 2214
4083 1413
2841 6988
3704 2489
4260 6421
3515 969
4077 1209
2129 6933
6126 5189
3961 2896
2980 3421
2719 2843
1995 935
4767 2036
635 6481
3239 6764
343 6835
547 2373
5356 5150
4487 2107
6931 1933
4119 6804
1434 1818
6027 1138
5427 3684
3000 47
537 2732
5232 3201
4325 2092
2776 4968
1431 5175
257 141
395 4432
2334 4019
3240 5550
573 4048
4755 1097
5192 1670
1974 2281
1135 5455
2581 4309
1999 1485
908 3904
3591 2618
5126 464
1208 1428
792 4255
1311 1768
370 2890
22 930
6460 582
932 6170
6326 4221
6413 6434
3677 1740
1084 3362
5339 4880
5083 2326
3491 2309
1415 2296
248 808
430 1099
5802 550
1021 3005
6230 3610
6146 5205
2001 5675
2671 6151
167 4912
3332 5759
2365 836
2181 5568
506 737
2470 6874
2664 3606
1830 3
446 769
1296 781
4458 4325
5731 4583
6414 5154
5518 1868
4110 1897
6890 1637
5972 5588
5107 1973
2152 6275
2276 4853
4544 3557
6668 652
6489 6259
6177 1840
4311 2076
1089 2990
6593 4424
3656 3479
5495 2974
5822 2347
6233 3075
390 4353
5047 2897
4190 1459
892 4506
4249 6156
2245 6637
1765 889
1911 1641
6685 789
6247 4317
3770 6887
5545 949
3440 5684
3485 4720
681 1859
2219 4352
3007 4963
4543 867
2558 903
3267 2778
4897 2606
621 2384
353 2374
4198 6077
2000 2154
4886 5815
4465 1605
6474 54
2705 4073
5038 2300
952 546
3824 3279
159 3127
5980 918
5271 1404
5290 906
3575 3841
5854 6791
2249 3715
1673 2031
3874 6535
5818 3361
5260 1692
3260 6104
6382 5587
6207 5380
4586 434
5892 6021
1643 4578
3828 3779
866 4267
3744 850
1969 3395
577 32
4379 5710
4960 3947
1772 5324
6815 6965
961 5682
3370 5250
1992 555
6918 2615
327 1325
379 829
6708 2756
2602 2884
4030 2350
6507 6068
6205 2661
412 5294
2741 863
536 983
1681 1233
6163 1014
843 6274
3900 5361
3402 2242
1019 5663
6873 1914
4529 3721
2985 922
6778 2953
5318 292
2096 6305
4086 887
664 6593
6065 5048
5697 4982
2761 2933
5019 5729
5952 5417
4314 1535
981 3114
5315 1926
1612 2700
5970 788
653 3095
3517 4890
5982 2252
557 5339
6274 3118
5235 5478
5706 1401
4236 3513
2789 3249
5999 6007
2117 5098
3948 4520
4645 1909
411 3809
2510 3082
6613 2879
3314 27
4559 1053
6272 2317
6167 4721
702 2570
2424 1364
6171 234
6339 6539
2553 6423
1345 4059
5899 2779
4450 157
1352 6641
1443 3671
5630 6629
3582 2875
6709 5552
1351 5241
6938 2691
6781 3499
4106 4807
2591 1719
6747 3532
1455 4300
885 243
4523 1346
4769 4502
6061 1890
1008 519
154 5430
3590 631
4335 1830
5777 4801
4362 2744
2693 4096
3435 5862
4786 682
3997 4241
3771 4297
1270 5900
1968 657
6006 6960
6245 6295
3745 3948
1504 4197
2167 3057
6755 5353
258 5055
2969 2648
6574 6793
3865 5882
5268 340
742 5076
3132 6834
5426 154
3944 6511
5995 5713
4248 3839
5809 560
4419 5256
1401 4961
6991 6999
4168 5419
1127 6090
783 2178
3145 3739
1663 1860
6256 4192
2960 618
4355 4403
2674 3378
5324 6374
6804 2586
26 3972
5929 6613
4415 1124
1697 1108
5673 2140
1382 5820
1286 1373
6195 940
1778 1240
590 186
4233 6123
3459 3889
5131 6084
1802 5436
5382 1603
1131 4903
2469 6217
4845 1109
3196 2592
3642 2855
1011 5255
582 3723
2687 1837
1941 5013
4890 2814
6465 4318
6447 3242
3653 4412
5320 5393
1893 2790
4468 5645
5000 5388
2395 6325
4264 4576
391 3072
801 156
678 3651
3692 3620
4880 62
5931 150
3538 1238
800 3786
3183 6948
2198 3175
525 4327
3318 2702
2839 5595
1404 2608
1232 1045
6619 6878
991 5377
4552 1590
2859 2829
1140 1845
2291 4191
4844 5243
4975 3512
4774 3897
2124 5516
5815 6161
4893 5095
1305 2011
4008 1055
793 3086
3764 5673
2337 4114
2294 1771
1558 3435
6391 4852
1475 2690
4714 5504
1885 3848
5509 3738
6029 3568
2572 5651
6101 4320
4919 6922
6756 2388
6275 4167
1269 6850
913 3865
3978 6781
4049 3731
1745 2565
1746 5923
6571 6186
97 2749
1987 3761
5833 6136
1132 1351
3615 2241
1853 6322
4666 217
2415 1118
212 3639
4568 3922
5162 1071
2213 3148
5539 5826
3462 4235
4494 10
3567 6013
3928 3916
3471 4366
1603 857
1509 1825
6900 4324
5867 779
4978 215
5804 2362
5904 5847
5722 6824
1221 30
6361 2115
2008 5789
1279 3419
5932 1146
5405 3091
1387 3497
3996 1660
1201 5994
6553 4180
3595 253
2892 6646
2104 3696
1027 2746
4600 5318
3795 6921
5101 4105
4343 4659
6541 1731
5153 2978
2162 923
705 1093
1273 4656
6178 3100
1304 2335
4078 4676
6891 3705
5817 4367
4405 363
2810 5337
2666 2079
366 4319
1068 4823
5906 37
6984 1578
5590 5395
2283 6257
5974 6861
6766 3360
5870 5232
2492 6088
4696 5716
5259 945
3045 1058
2660 3640
672 2474
1005 2237
3295 1252
3429 6165
1121 513
1368 310
6596 1921
2643 6294
3103 4382
6253 4802
4725 343
5529 3701
3680 3530
3826 4543
5327 2207
5115 3275
3659 3950
6608 1377
1952 1075
6341 607
3719 6490
2224 1666
1058 473
4111 206
5296 6975
715 4165
1052 3364
1293 611
5302 2736
1260 5018
5589 1417
6229 3053
4378 6912
5571 6935
4492 3803
3563 5002
6255 975
1035 2714
4312 4836
4803 6961
1403 3628
4261 2435
3766 3899
4822 2090
6397 4196
2110 2200
1453 2639
2668 899
6917 6740
3325 835
6959 5012
5464 1196
4680 196
934 4216
2488 6093
6473 6538
2122 4486
1071 3795
2070 5466
3270 4243
2993 5333
5561 6063
6877 3023
5681 4816
2598 772
6863 2087
4985 2580
1367 3997
6561 5843
6689 3734
5945 3063
6041 6547
199 2951
1826 2518
3042 1147
6021 5309
5642 4975
3262 1779
1884 4714
739 1923
4832 4120
4442 1744
1994 2575
3280 1570
1535 564
6444 456
4741 1374
3436 2122
5750 6076
667 800
4267 3541
4151 6276
1408 5527
5632 2785
1615 4571
3154 190
2265 2153
3449 4240
4656 809
4165 469
5909 6436
4792 3599
3696 1966
6088 1735
2043 1726
1329 547
2239 536
6844 2276
997 5553
634 4022
6537 2865
2597 1568
4727 4560
1528 491
6623 6817
5117 6674
4324 119
948 989
2414 1628
6527 6519
4197 6081
5649 2483
5121 4498
5506 3044
3608 6608
709 1975
5385 849
5978 6670
4866 1019
6104 5952
3926 3151
6393 1675
1263 4065
3443 81
6718 6639
1411 5206
4467 4768
6649 6761
1103 4207
2742 3065
6464 1133
762 3391
2065 4348
6600 3240
2772 490
100 3455
5634 4692
6049 2883
2329 379
2596 5110
2196 3751
936 5601
3655 3379
2207 6181
5528 872
4699 1015
6859 6320
3679 6345
2501 1956
992 2705
4577 4178
2744 3864
6164 6412
2886 6939
6757 4190
3638 4246
2039 2881
1903 3781
1723 3232
5690 2193
6383 96
3189 2449
225 6137
2347 132
2609 4994
5657 265
5254 5420
6136 2081
4013 3144
6774 5544
1793 3450
74 4508
453 6688
3079 6115
4507 219
2471 4469
6758 5341
6337 220
1126 4323
919 6126
3424 1256
865 4401
4447 5699
4585 6504
1258 5631
3450 5015
4690 3319
2569 2889
2297 620
1529 4341
2438 1100
43 2712
6401 4291
4836 248
4058 4667
3550 5584
4784 5312
4044 6368
5516 5253
3971 5670
6277 416
1687 3533
2384 3017
4454 2376
2500 5050
2379 5853
284 6679
428 4038
404 6628
1545 1680
1524 1814
168 1526
4611 3635
686 50
863 3719
4501 5022
4984 240
5432 2033
2913 4497
2286 2219
6911 2942
1082 6494
904 6488
3460 1919
854 2858
4539 2049
575 3342
3578 6255
3983 825
1012 3090
3697 6385
4389 1687
4257 1793
6729 1989
4491 351
4122 6439
4931 4604
5695 6956
1056 3416
1085 5036
20 970
182 1795
374 6139
4891 3644
4194 2747
1318 5285
3919 1681
5483 1134
6116 3989
5580 2760
6336 1121
1923 4021
2161 5630
6052 3099
5012 5368
6621 1475
4579 1565
6594 6164
4537 6354
658 1197
5341 4752
1865 1773
5297 4183
3490 2016
1975 3219
1077 5565
1515 4973
6952 4198
1753 2080
1042 3186
4174 5912
3650 1807
5422 5386
6059 2433
2747 6484
5066 6705
5552 5521
6807 5732
4590 3934
5312 1173
5797 2945
3646 3987
6468 3784
5462 4710
6882 3931
4961 3551
4914 311
5597 1123
5843 2324
3902 1200
3587 2734
338 1853
6860 5687
2018 1841
594 421
1450 2798
4563 2211
3519 6487
905 137
6162 354
6604 2305
4647 5147
1523 4758
6661 3191
2496 5922
361 2370
1341 380
425 941
380 1872
5449 5000
6861 1473
5639 5491
1829 25
5832 3142
2662 6876
5452 4589
3837 5272
1973 5765
2516 854
5210 3892
3913 5045
1338 6779
3175 2349
6512 2761
787 3693
4182 644
4671 71
6610 4670
4872 3390
4587 5011
6191 2077
4310 4510
2021 2534
101 2447
4871 4666
72 1728
5140 6945
5583 3070
5503 5296
5898 3298
1548 4163
1877 3018
6160 6941
2090 1808
6488 2339
4277 1446
6261 6839
2978 3888
5255 3383
4908 6199
6371 5903
59 2061
6017 4933
1022 635
4935 1183
5292 6376
3807 4306
2791 1630
1846 5130
5756 4625
1792 2495
6420 2717
708 5097
3934 882
3499 509
1198 3801
1171 5722
310 5657
3551 1893
2489 1162
5770 1170
2169 6595
141 2888
27 4608
5490 1711
5924 2182
3811 1065
490 2796
188 2647
3320 161
6303 42
4730 5218
906 1803
3533 5836
2988 3166
3172 6658
2310 571
890 5982
4129 1241
1017 3000
2786 6099
3936 2966
3376 6768
3178 6015
1836 4282
809 4980
2259 388
373 3050
4697 4042
48 529
1795 5204
3445 6418
849 3526
5428 353
1184 4716
5196 6340
1344 4849
6752 3665
2549 2302
2878 5861
5541 2643
4650 6075
5671 3616
1584 4470
1234 6329
73 6316
2222 2072
6076 4303
1595 545
2042 3103
6408 3227
3632 3706
2585 1434
2341 1595
3802 6884
2074 2831
953 1977
1560 1988
735 2528
162 602
283 3717
2975 86
165 653
6259 6526
4827 2799
2015 478
3825 2136
4143 4025
4470 90
1264 3354
474 2257
2737 4186
4682 4099
4337 511
2594 6796
3964 595
1913 5756
4073 6263
1725 1937
3403 5405
2811 147
1333 5159
5005 1011
3611 1761
6908 2221
3091 6110
2307 6134
6964 1220
4320 3427
3198 1549
3248 1355
887 4494
3855 4548
3576 2972
6271 3757
2652 1091
6462 3941
5123 454
3292 4350
378 2032
6062 736
736 5793
1220 193
2138 4846
3916 3372
5459 3609
5435 4031
5544 3369
2551 3710
3167 3356
3166 3938
3962 6540
1400 2096
2770 4220
803 1242
1359 1081
3346 246
4850 1879
564 3714
1026 1640
5237 6672
3241 1843
982 3492
899 2506
4554 3323
3344 1598
3025 3485
1151 1313
3008 5456
1028 4124
5343 5382
682 1095
5354 1824
3779 4787
6378 6017
2171 2398
3838 855
5701 6619
1255 1478
3465 6590
4171 2417
4843 5025
2333 195
3399 3403
4500 1532
1678 2508
1355 303
3269 3804
2319 6267
5081 5909
6688 6691
3760 1820
4217 708
3851 5845
4037 5281
4027 5563
1188 444
2448 2264
3068 6866
738 3643
2311 1886
3951 3498
2327 1819
6684 2707
219 785
4894 1813
6740 4521
3496 1889
2587 5109
1967 3140
2232 1263
434 1698
535 633
894 1416
393 2488
983 5133
4353 1354
6850 5257
1111 4878
1445 3164
3055 6216
4683 4185
6380 3463
4262 1614
3918 5679
782 4357
4859 6190
4757 6427
3748 2684
3247 1251
2746 870
3049 5158
3001 6241
5052 6152
1915 2394
5467 4908
1630 6957
4429 3791
1667 4281
3250 2248
5828 4672
5485 5691
6514 5892
4663 6979
2984 6621
2225 5236
4201 4771
4462 3088
1760 5127
1864 5356
1944 1995
6611 3471
2352 207
3434 6454
2775 913
64 1806
2848 1166
2589 639
3416 5288
6338 4957
4032 6219
5441 2230
3421 944
1927 268
4956 2075
6727 2101
3599 1140
766 2793
871 1371
4502 2806
6054 1268
6297 5131
6585 2267
5979 1717
2934 3375
5918 2272
6626 3973
14 3874
3686 5471
6287 993
4200 3374
5542 6919
105 2144
733 4146
3643 1521
2044 2968
2101 5939
5021 4784
4089 3927
3711 4663
1165 5519
6288 4343
4918 1713
5446 1746
6799 2735
6056 5375
1312 697
2868 4143
6751 4674
2407 5531
332 4786
205 3322
1494 1678
3472 6589
6403 2378
6345 3047
4084 3951
5329 4987
251 3266
5304 6332
6454 1376
4047 2837
2875 719
3705 3979
6803 3215
4633 6503
6087 972
3161 11
5760 4920
3072 5551
3024 2287
2932 455
4863 902
4556 6603
5567 5082
5211 2111
4266 4419
6417 6501
3561 3386
6847 6536
3339 1758
2400 3159
2893 6997
2724 181
1540 1027
4213 6313
641 299
3215 1720
2009 3545
79 2270
2869 321
277 3986
5358 120
5187 3237
3776 5340
5080 1764
3438 486
5266 325
127 3642
6927 1489
4877 992
2894 6598
5728 4004
5633 667
3437 2500
6978 5186
3511 55
3529 6877
726 262
232 4011
4087 5473
4721 5287
1800 6548
909 5203
4937 6570
6974 715
4782 6880
5890 428
5505 3156
1702 2682
4161 166
5845 5827
3444 122
980 365
3574 3830
1167 331
2669 6458
3059 3895
1909 2898
3614 1729
1335 2892
3074 1441
3607 1828
1266 3584
6691 423
68 1725
2976 786
6317 6064
4703 3443
1003 1110
3224 5740
5257 209
2519 237
96 2697
3283 5290
4810 879
1699 5856
1174 5233
3173 2695
4898 1873
4905 2715
640 5128
5659 1394
3265 655
520 4467
2007 1395
6624 730
6887 5316
6053 5946
1214 3181
2731 2845
1204 46
1057 6269
52 5539
1375 5143
6973 247
2274 4289
406 4194
3572 2774
4207 569
6801 6944
2707 5059
6330 5298
1758 4227
5715 567
2320 726
4177 1515
2362 5172
2172 2172
5171 6734
4930 5592
2260 3248
236 3925
2111 3869
1720 6052
777 5226
3176 4811
1591 5628
1727 204
483 1994
6078 2958
6702 6546
2243 3387
6794 4014
4102 1488
440 74
86 2133
6985 3294
2765 3634
831 6587
984 2769
4888 4333
5430 450
4692 3549
4815 4116
2326 5113
4388 999
5586 5865
1419 1679
2675 2813
6846 5905
1624 3924
3149 4671
6875 6898
3813 259
4397 5560
2783 6353
4436 3977
4318 5124
1578 6741
1420 2752
4412 3878
4899 1317
850 2383
1546 721
39 4007
5939 1961
4202 3035
2815 5479
5089 139
4050 5301
2909 6082
2460 2228
5712 6194
1550 1179
2840 6431
6372 2088
3920 1084
5668 2861
104 1234
5176 6581
4076 3401
5562 5151
1229 1709
2555 1223
1696 5906
3560 5685
3872 888
868 2138
862 6757
2425 3423
3328 3460
6830 5026
5122 2709
5824 487
2803 5908
4732 3844
760 4820
2740 3367
415 3478
4508 1811
5111 2294
6090 3563
4835 2471
1173 2238
397 2963
1380 6625
4785 804
2620 3016
1070 4651
4758 6612
1805 6769
673 2148
683 6771
5010 2453
5090 6634
1421 6172
2621 2759
2155 3592
923 1964
2579 6414
6011 6302
3629 2613
1848 6464
6419 6498
1593 1194
1743 5402
1045 3965
1227 919
4970 3120
6356 2635
5102 1938
5113 6218
2335 6892
5825 5286
5413 664
5964 385
4673 2345
772 1290
5720 6057
1280 1904
2665 2057
2847 2163
5436 6913
3065 1316
1015 2240
1837 3121
4911 507
119 1566
4550 2171
1244 2117
3473 1971
6323 5785
2768 4504
4142 3326
6329 2432
1773 4112
976 131
1755 5441
2290 2910
4000 2609
3227 3212
5238 2730
71 459
4021 5786
6915 6425
1125 5990
6248 4098
718 2775
4052 6759
5607 6537
3557 3730
4 4985
6969 776
320 4904
3803 2546
3498 1649
6342 4929
6211 3452
1713 3949
979 4077
4954 2791
4418 6872
4082 4827
4065 4316
6346 5273
960 3871
5309 19
1447 5567
6771 3234
5565 2456
4693 4892
2644 2421
6109 2184
5448 3183
3199 386
3922 3163
3593 2810
5299 3707
3651 4026
5388 3411
234 1965
5615 520
323 5988
746 4279
6838 3204
2995 3449
2256 3506
2229 3749
827 5306
3211 5322
2046 4340
4280 1036
4853 4134
651 6056
2373 6585
2545 1318
6384 851
298 4447
1503 2800
6945 6273
6728 2598
5274 89
45 2629
4075 6455
509 2314
3786 5378
6276 5310
1190 441
5664 2980
2031 5650
4001 1260
5930 4479
6388 4135
6563 3718
6069 4422
5273 2885
5415 2499
3218 6848
571 5866
1252 4384
837 4989
3543 6309
432 5464
1105 1343
3133 2159
610 1052
3136 4314
4966 2149
5774 2462
3732 4137
1152 1999
1398 1802
2461 1541
5204 5980
3507 1305
753 6347
3988 138
4123 5239
1931 6119
1786 1790
3362 5948
7000 3995
4838 741
6478 213
2324 1569
6892 5148
972 6776
4394 5735
688 5671
1478 5981
1362 1382
6354 13
5801 482
6407 4115
6046 568
1862 6402
6819 6572
1203 2260
3430 6492
2206 1567
6659 6438
3782 2497
758 1248
40 2485
5482 6367
2953 4416
4505 5543
4160 2999
1658 859
6459 1195
2277 572
5559 2313
1841 223
6569 2475
2372 1059
6174 4407
6145 6594
3801 3940
4565 4389
5790 562
6653 5369
4665 1481
6916 1654
1436 4591
3569 4125
2392 4056
1894 1181
6841 2502
639 435
6210 95
1129 5265
978 1012
1659 4545
3284 4966
3213 4826
5397 3959
2748 1439
2430 576
4225 6024
1843 5608
5234 5477
6501 493
3787 4448
5685 1190
4653 6841
5481 5764
120 4462
6625 2450
6402 5869
5180 1903
3257 4150
2306 4794
1921 1892
1180 2640
2846 4363
504 6770
6957 896
3254 390
1322 4301
4060 583
4723 3338
46 6527
2230 873
6997 3410
4904 766
5775 5572
1782 4421
5543 4799
1024 1396
6520 4166
6629 3975
5779 1714
4689 2104
3613 2292
2661 5529
418 2030
6340 3178
5351 3857
5800 4423
324 3217
4088 6266
4371 3613
4035 498
1606 2632
5169 1592
1581 3884
1565 1786
2703 2826
5068 1226
3596 5919
256 3555
636 4953
1218 5899
6475 753
4169 1408
995 5510
5914 392
572 6990
6572 3417
4946 4152
5225 1285
935 6079
528 2668
3096 5992
2986 5157
89 3514
6854 1035
5675 6447
5723 4016
929 191
3252 6247
17 5933
6967 780
6606 1707
5099 6282
3029 6926
5888 3778
211 1310
6398 458
6543 2047
5419 6301
4193 5635
6490 4927
893 1453
126 2812
1124 2628
2284 1201
1100 2895
1871 3157
6298 4881
3347 685
426 3030
2540 3560
4616 4148
5661 4174
6140 3197
6188 5530
6001 2804
217 4557
6496 3286
2385 6010
3287 2014
364 3636
1840 5800
5618 6036
1256 2466
2089 2391
4256 3930
1250 5410
676 1323
5037 1336
1147 594
6299 5359
5553 784
4578 1663
2955 6711
3856 3918
2537 2641
4186 465
2825 6568
5799 6616
1932 6237
2067 6207
1413 1247
3977 6205
1079 6308
3932 1312
3306 998
1985 6903
4226 2400
2532 1888
3272 3579
3757 3132
3204 6849
6016 510
1895 2982
530 4414
3124 6626
5034 1931
3858 16
2200 5507
3600 4024
4479 6842
549 707
2935 2387
2535 4075
1628 5935
3998 824
4319 6900
5514 3139
2531 4127
171 109
1680 3051
6050 66
4510 695
4973 6342
2 3537
1186 6899
1527 129
5004 4540
5969 5472
2217 4770
2773 1002
6810 4586
3169 1206
5116 4373
6644 2322
6832 3880
2061 6525
457 5344
4640 3394
6 738
134 2569
2867 5004
4617 2808
5984 6004
4709 1463
5400 1639
5960 5005
4615 2405
776 4813
6472 2188
274 1149
3027 3862
6937 5770
4413 23
4996 2409
2451 6279
4485 1710
649 2554
2513 3254
102 3162
2802 4679
5841 4193
3394 6083
3681 2610
4463 977
2964 6673
6221 6925
203 4611
656 4347
2087 4875
4787 3206
6103 612
1963 1753
4377 6713
808 4410
6352 5581
3056 5814
4936 4296
6128 6497
499 3810
172 2867
3512 4547
3214 3193
342 5031
5908 3269
1977 4138
6510 763
1553 3339
4771 3462
495 2918
2718 6963
4175 528
6881 3602
6307 4600
6351 2755
692 2886
3395 2970
5806 3798
441 1153
3427 6149
300 2652
5792 4480
5215 6650
489 162
5492 4076
1511 3658
1607 3562
5251 3733
3853 3629
3662 5728
945 144
2183 4093
6633 2004
3943 5730
4526 6744
1976 1648
3048 699
6304 39
178 5103
4808 6695
741 2593
985 820
645 6086
6155 925
3852 6760
2845 6576
1970 4010
5594 4741
6826 4967
3312 3273
2173 1686
4602 6109
482 5112
3972 548
6797 4762
5293 2190
5961 5263
3163 5680
1835 2625
3233 6709
394 2354
1327 5634
1505 967
2619 4189
2503 4457
5707 6133
3758 4554
4452 1981
4756 6270
1141 4009
150 6788
3067 557
6618 5644
6634 1494
2852 3467
5030 127
1842 3894
5820 5117
5287 1156
6722 6443
241 2041
5028 4117
615 2048
5973 5415
661 4616
3372 6930
6582 5346
4258 6794
3751 1976
6944 2745
2938 1708
3923 1658
114 4648
3666 6343
5735 1996
5936 1361
3010 803
4115 6801
1106 6648
2866 3106
5558 6002
3531 5881
4945 2636
519 126
5938 2903
4793 6994
1958 6375
3114 3130
1471 4244
1625 2218
4768 4265
5491 6026
5414 1823
4474 5598
988 1907
4982 6032
4180 5540
773 5775
6410 4337
1599 2183
5015 6335
5164 6855
4729 2781
2376 5245
629 4542
3210 4841
1876 5039
3244 815
5344 5044
6642 1344
6482 1375
10 4018
4351 2216
275 4804
1521 1631
5933 4939
2251 6307
222 4505
5170 3167
3054 556
4742 4057
1733 4750
607 5074
752 2390
2192 5780
2493 1554
6645 2491
6157 2847
3888 3574
6885 1785
4574 4593
1510 3484
5884 5513
1187 68
962 5893
1278 329
4367 5555
1752 6187
3039 433
977 2581
2727 4645
1247 6106
4722 986
6550 816
3804 5184
2651 2205
2681 3337
5205 2688
1177 1810
1002 2520
4829 6683
5705 5879
4710 260
2388 5370
2159 6382
5134 2168
812 2195
2346 3753
3968 106
398 2070
3842 4891
6734 3244
5295 1060
1350 4803
5152 5135
6818 506
1096 6571
3604 4737
836 6246
4733 3247
6776 687
5803 6553
1013 2979
3742 4926
954 3833
1314 537
2247 3093
4512 300
4675 860
4241 1418
5807 2911
1737 4838
3763 2327
2439 5769
3965 2650
190 1020
2072 5819
539 5927
4720 1821
2715 1337
941 4006
6676 6506
1635 2670
3739 2023
3431 1392
6301 5428
4473 283
902 3213
2571 6392
1457 2426
2523 908
2199 4854
1164 6131
6615 5943
5124 754
613 2100
5606 1829
870 3281
4424 5790
4444 1974
2989 233
1779 4753
1302 6
6552 2250
481 4392
3230 2180
5738 1548
3762 2762
3835 6143
5423 2739
1288 5311
3683 740
496 4158
443 420
2824 1120
963 1410
593 3185
6358 987
294 1487
3639 3699
1090 3703
5458 2566
5783 1536
3188 1136
6836 2311
1567 5357
213 3536
1646 603
6665 3493
1360 4842
2812 4840
1718 159
55 3303
3621 83
6149 3615
1116 2975
5094 3059
5284 5589
6105 5656
965 795
1080 5757
4958 6018
1520 4033
6742 1281
2734 4402
1231 2262
3289 1958
5789 5991
5610 4885
1138 6328
5048 3788
3386 2860
1618 4817
2879 774
2315 5755
3509 2134
6344 4490
2710 5085
2511 6037
4514 3468
466 2425
3182 6225
4069 5032
4205 5134
396 6066
2123 759
1859 2109
3734 1230
4542 3774
6121 443
2248 5293
1598 4857
4991 3503
238 1665
5548 733
448 3583
1588 5162
2917 4965
2231 3314
3278 2408
5203 3928
788 2922
431 1308
3942 4781
1491 1551
3177 1455
644 5270
5139 3961
1394 5639
5438 6092
6123 5107
3562 6453
3092 1074
946 5364
2884 4361
4627 4456
3338 1600
2730 4681
5532 2956
4334 2906
1183 4268
2541 958
3200 3685
3995 2908
5454 3552
413 6400
5940 6882
518 227
129 3288
4925 4157
2827 2058
628 1050
1426 2288
4868 2899
137 2733
2304 1098
5285 6602
1372 4100
6745 4238
1883 534
3486 5081
5983 749
6153 4000
1554 3346
6930 5784
4994 298
3746 6085
156 1128
3901 5152
2944 1616
5524 1520
4631 1451
1369 4321
95 505
3818 2174
1451 2920
6672 4718
4042 2289
4962 6198
1633 6298
4290 5433
6118 1213
67 142
3470 2461
16 5978
5572 3402
4133 4856
4255 3890
3219 847
6173 5052
6894 2789
3548 2579
5394 6070
6206 3098
6601 1798
521 3741
6555 1643
4842 2663
1831 2361
4910 3327
6814 3318
4152 5376
2402 203
2351 5056
6197 3678
5733 2763
666 4732
4104 6803
3374 2654
4882 4844
833 4434
122 4678
1946 4054
3843 4630
5758 705
6932 429
2462 3577
2420 692
3046 1010
5869 6260
3649 2445
5966 1525
6225 5984
1668 2420
1872 5400
5342 5325
21 4020
6235 735
344 5604
6690 1352
1237 6591
5130 6223
3368 6712
1602 6811
6965 6038
6883 185
2075 4380
3526 4746
824 4962
1610 5642
4805 1688
6686 5390
3910 6203
403 6380
1741 3141
3333 981
732 2410
1655 1582
5886 845
6033 6893
671 28
3832 4431
5031 1517
163 1583
643 4863
1037 461
2353 5632
4410 4108
4840 988
4022 3974
6479 6395
6168 955
3123 4877
4685 4136
2342 5338
1942 5971
1168 3226
5793 3712
5412 4269
2599 2020
2625 2866
2714 2407
5345 5678
4313 6707
31 5840
6725 2914
4330 6532
5322 6191
4385 4173
1383 6397
4071 4439
4766 4315
5469 1562
589 4677
2998 2017
2419 1083
797 4187
5183 805
1130 1309
5049 2564
6919 1524
4354 959
3268 403
5636 197
287 4894
3365 479
1957 1040
3011 4835
6290 1387
1544 1550
177 6355
796 1397
4094 5863
1734 5619
2526 2323
3674 5169
5275 3872
365 3882
5729 4415
357 2590
1538 1159
6218 4263
4856 6819
385 6213
6456 6364
3633 59
1536 2191
3313 2167
1735 2877
6042 2278
3146 1412
3839 6358
584 2949
910 2894
6370 5332
2696 1894
421 6659
2520 4866
2605 2258
6834 6753
3733 6289
2957 1852
5917 1388
2085 4569
5108 2770
1195 5028
1157 4556
3788 6113
5112 2256
3623 6969
1160 136
6719 2766
5425 1601
4496 2369
856 1575
5662 417
5555 2012
6876 6361
5546 4311
4273 2293
2983 4055
5160 2259
2485 3409
1308 1132
4100 5413
6425 6596
4535 3373
3534 3823
2548 1187
6448 4084
1083 3074
2697 3985
3171 4495
2676 308
5174 415
1814 192
2441 1087
3541 414
1715 2622
2220 2584
5088 3473
5008 3683
4302 4633
1487 5950
3553 1730
1983 6989
1202 858
6902 5460
1917 5058
1926 6675
2278 6838
3673 437
2764 5467
1744 4374
463 502
1226 3681
3371 6600
2399 1443
4735 124
5163 3408
3038 1338
2137 2758
4020 661
2058 3123
3641 6171
6072 6411
387 1624
2218 5266
4515 2003
130 6114
1423 6728
2699 6297
1113 471
3884 4308
2544 4664
6650 5795
4234 5030
4208 3601
2899 5021
5700 2422
2146 2673
6842 2443
6359 6610
3192 6459
668 5884
6864 2960
3850 1759
4215 6875
471 2304
4865 5664
1757 4118
1719 3521
3716 6816
6544 3913
1114 5585
5862 503
6768 2316
1065 5654
255 3611
558 6362
662 1957
1736 4950
2616 1056
6421 3179
362 1993
5059 2239
6630 4974
2963 4209
1473 924
2788 4074
4677 1817
4939 6466
4443 105
2272 1122
764 4788
583 3230
2128 4869
2457 194
3631 3406
5431 245
2024 4524
5507 6633
3088 6928
6980 4724
3279 3415
1 5609
6112 6818
4298 297
2931 6311
2258 3691
581 6560
61 598
1783 3915
4654 4698
5608 6521
4669 6319
1425 6406
4376 6815
2965 1588
5724 6352
3153 5801
750 3015
544 6706
2263 1363
5314 84
3002 6230
1009 964
2623 916
6704 468
401 3328
4776 4627
2358 1297
2534 2368
6635 3923
1325 4205
2925 5599
1597 5812
2733 4761
3316 4035
4156 5596
6678 4895
2919 701
2499 5121
1193 2333
3949 3112
3718 6719
1592 3340
4698 2850
6595 2787
2073 3732
729 2617
2336 1332
5387 4954
3767 5202
4772 2538
4386 1043
3798 2496
1133 1155
2403 360
6802 4463
4435 5153
5243 3489
1857 952
2133 5492
3019 3792
3895 2301
6800 4565
5698 6754
5652 5782
794 6676
5494 4139
1631 1918
1683 1869
3879 5898
3097 2955
3217 4555
6077 4326
1388 3553
1268 6832
2323 3840
3906 4257
3883 4251
969 2480
3135 3444
3752 2039
2902 2655
5752 4378
880 6647
1072 3251
312 6517
6735 2946
246 2989
2880 6554
2453 4440
6262 4103
6226 5092
2081 5515
6730 5001
5456 1107
328 2600
823 2273
3598 113
851 2523
4588 5904
2269 5771
169 2576
4983 1458
5455 1967
1552 5396
5127 118
531 3292
3253 5313
770 2543
3078 2817
1010 302
799 2325
2048 1006
994 6981
6309 1953
4085 3434
1223 2128
1769 1503
5369 6290
786 3002
183 4970
6144 364
3702 5926
4837 1389
3694 2965
1627 210
6270 866
422 4043
4691 2807
1000 527
6687 6549
6433 1884
1901 732
1512 3896
1828 1577
4534 1960
6184 6555
3235 625
2289 5593
4763 4280
2590 1224
267 6461
5325 2646
2949 3334
6933 4459
221 270
707 3056
5741 5470
737 2773
6098 5188
1137 1990
7 3816
2387 6457
677 6666
6548 6100
2814 6415
91 591
4864 6130
3966 1925
1284 5276
1888 6496
1759 2548
3358 3796
6787 1180
2143 5105
2838 4572
2672 5149
2356 4778
6308 5108
622 2404
1199 4351
4393 177
6518 4088
5666 5146
3508 1621
4625 4528
4130 5078
1799 4036
2580 3992
1092 3454
5851 4865
5680 2687
1575 2146
2401 5171
3584 6125
1716 2750
5036 1685
289 4984
2079 1604
2292 4302
694 2530
6494 1103
2045 1969
5461 1178
2877 173
35 777
3478 1992
534 6346
3658 4493
2339 2509
4340 4522
3483 3172
3290 526
5194 2229
4401 3535
4046 3926
784 4271
3102 6828
6666 4613
5766 4533
2753 117
6831 6967
2325 6718
5420 6777
4294 1586
2020 5602
3116 1715
5242 1219
4063 3850
720 2741
1689 272
3448 1537
5536 6762
959 6476
743 3022
3482 2419
3356 4053
6833 1296
2491 4295
5337 316
5821 840
6430 6622
2103 2063
6637 5280
6257 2411
3876 2078
1067 1393
5511 4387
713 2151
1146 6291
3885 4864
3503 3677
6749 1591
1349 2202
2212 4990
1320 2535
684 5170
4818 5219
4178 4095
5993 2801
5725 1942
4652 4396
5173 6250
4584 6586
4154 5210
1698 4418
349 6357
4472 1749
3785 4932
2223 2484
4644 2738
6018 145
3037 3122
6469 3854
325 6012
4737 1222
1847 6699
5840 6640
2680 1620
3388 4585
2851 6474
1309 5570
5648 894
6239 4130
5928 4030
4356 6489
3579 5414
6267 5503
6641 2940
1498 2035
3619 6991
942 4971
4438 4322
4593 5132
515 1547
3302 5821
3556 684
2019 3587
2135 6467
3894 1370
1207 1119
92 5174
1316 3195
5676 4040
6895 703
3860 1269
687 238
24 346
6055 1405
3216 1626
861 2519
5407 4437
4459 3165
1081 4015
1587 5394
1332 4632
407 5089
452 1632
5585 4621
1032 686
2686 570
1596 1530
1748 3612
6483 6966
1700 5354
1812 3754
231 6778
3601 5249
2145 4624
4599 6863
3335 4501
2176 5739
2409 447
3792 5834
461 4188
1483 1315
6602 833
5746 1066
478 3442
4659 6715
4816 307
6845 4871
3273 3772
6083 4381
2426 5734
1731 3737
882 1756
1688 2382
5217 6726
4268 3726
5298 2201
4315 4806
602 4449
3982 2141
3925 2529
1402 2142
6907 5199
5226 5422
6047 3591
2086 1809
2856 3828
4747 2627
65 574
6523 5016
6044 5930
4573 1724
6898 108
4238 3155
485 6051
4636 6729
6743 6566
2125 6516
6868 1514
5625 976
5905 5040
3947 1139
4569 296
4138 2116
1638 6831
3664 4782
1661 6072
3797 4087
6631 5825
1166 6214
704 5548
2573 996
6246 1638
4506 3231
5730 1142
5704 3713
6935 1657
4915 1498
2234 6286
6311 33
5392 5944
3755 724
700 5524
813 65
646 3676
3063 3588
591 323
6554 4928
1880 565
6250 4429
5147 4657
3191 6702
6200 864
4817 817
3060 2468
6394 408
6141 4603
1566 5938
5587 1760
1770 3663
5650 6253
4924 4673
2870 1597
2153 3257
3266 6292
3195 6117
2970 6472
5522 1092
3524 5423
3389 6607
1306 6281
6428 4986
3703 5545
816 1836
5338 1024
6816 1783
2546 5431
402 1402
2760 2427
1376 1054
6260 4828
5576 5902
2560 2024
778 3679
5819 4876
4746 1516
2971 2840
6004 4160
2092 4069
4576 5655
6950 6499
1233 404
5599 4331
1095 4575
1328 5077
286 522
2314 1016
4830 2356
3577 4089
3467 531
2908 2991
5085 5057
4471 5451
1134 584
1098 3173
3875 4413
414 4893
4153 4686
1653 4887
6904 5714
623 1090
3685 6790
106 1470
5478 4277
3829 4128
5611 301
5900 3094
3728 1112
6627 4292
3009 3447
853 6697
5156 6632
5812 4634
3082 4602
884 1164
3990 3822
1662 2765
1516 4344
4162 4211
505 1303
3847 4445
3772 6845
5403 332
1265 326
2952 1789
6095 4650
6820 5347
712 722
6975 6993
6190 4307
6023 974
5526 4712
4185 3060
4026 1522
4055 377
5759 819
6545 5238
57 3486
63 1469
3086 3180
4770 6562
6587 1177
4483 431
1945 3004
5808 2255
3423 688
5486 155
2344 6176
4993 5137
3095 4345
3933 6288
1636 2545
1825 3782
2780 3101
920 2708
4145 6671
2109 134
5468 793
1732 4916
6741 5342
6616 313
4170 6645
4017 3911
2563 2227
3310 2672
3288 2389
1701 4253
1361 909
6405 3980
2166 5690
696 6022
4933 1365
2721 5193
791 5677
4184 2711
6463 5282
160 4287
5105 5323
5119 4417
6426 1061
6682 6029
2826 1319
32 6905
359 3200
721 596
4434 5886
38 1694
1763 6059
99 1461
1692 1438
3505 3310
4420 1609
462 6028
2367 4658
5709 2355
2536 5049
1879 2083
2357 1511
3727 2105
5591 764
847 6394
2524 4385
1933 2504
2140 4552
4867 4832
608 3570
2736 2531
5579 2454
3963 494
6762 1435
6280 6321
2916 2062
5306 5831
315 97
2647 1447
2981 1175
250 73
1823 5918
3627 1072
717 4909
830 541
3589 3867
2093 4764
4778 2540
3433 3589
625 755
779 5536
5447 646
5006 6797
2345 2271
5627 3575
5620 4487
5937 2367
3384 2068
400 698
5477 6065
553 6429
291 6943
3022 2582
5471 6452
6067 3080
3708 1580
1551 6150
6110 1602
5879 6775
5751 6743
6234 3886
5667 4228
4028 3631
6940 4682
1684 5580
5300 5444
174 391
1930 2947
1517 5638
6971 957
2467 6178
3311 1486
6926 3198
3301 1844
2148 4085
3848 5166
5782 4310
2052 6089
3967 2006
1947 1000
5154 2442
5609 1078
3754 997
5784 5578
6030 6441
926 6665
2214 4106
2606 4129
956 1456
3691 4461
4374 3524
4504 87
3514 3603
2655 1161
2784 3967
2149 5949
1154 6558
6988 6510
4992 5694
1912 218
148 254
3893 3190
497 2923
3120 1454
3476 4934
4553 4947
336 1421
6208 2438
4889 384
927 5542
161 3598
5191 1245
3187 6251
4596 5200
3789 813
1200 3312
1230 6132
5977 1552
3510 729
3251 2428
4453 5706
5847 4644
3823 4465
2268 2145
4630 5705
5848 5330
5747 4260
763 2557
6119 900
2678 960
2114 4259
6132 4769
1348 3825
3927 5989
200 1794
3946 4809
4800 747
6999 3143
56 3617
4038 6306
5556 2667
817 5534
5953 3495
654 2310
3940 5438
4738 3440
907 4264
420 168
3369 4717
449 1369
3857 1772
5813 2460
611 6299
3796 1848
4265 1125
1156 6643
2562 5475
3793 4273
4719 811
943 6338
2282 1288
1671 1063
3588 2414
4360 3205
4536 4830
2053 5959
5179 277
3955 2679
2800 5549
722 1748
2147 3917
1248 6074
5643 383
2688 515
3670 4775
3783 4226
3181 3627
3637 3420
5617 366
3527 3146
6199 3014
6888 4577
1458 6809
2709 165
4426 5888
2601 6265
3410 4709
711 4062
3892 577
2450 460
3041 533
2132 5480
4804 4140
6628 2161
5091 4518
3406 5220
381 1129
3937 2653
4164 2119
6480 3686
2723 3176
3231 3866
4564 2614
714 1349
529 672
1358 249
5883 675
4909 5284
1155 2162
6159 242
5866 4922
1940 5810
5651 4592
5925 933
5054 1812
1547 6369
1916 5957
6590 6756
113 3293
4099 6717
1576 3912
3480 6445
3155 1025
6377 5974
3761 3224
3896 3834
5027 5327
5418 3775
5647 3898
2221 3376
1053 5720
1660 1204
1175 4161
226 3935
88 5936
1365 3136
3180 4824
4024 2605
4475 3465
4282 2481
4610 1287
5463 2181
4622 4529
4913 5054
6091 274
2165 5161
6073 1029
6400 481
1717 6970
6024 6983
6291 1005
1407 619
4196 6006
6320 2583
6289 202
6513 543
2360 2721
1979 4356
3566 6016
1585 6704
143 3255
1354 1979
5470 1484
1623 5213
5146 4756
4525 15
1811 5719
6497 239
309 5198
2380 319
2490 2286
1874 1943
4789 1512
4181 36
3 5813
6089 3990
5103 1917
4995 4049
2946 123
3144 6822
3518 6843
237 409
3871 748
4223 634
5393 897
4105 4640
2440 5425
6936 6800
2720 3214
4916 2878
5100 1086
4892 1656
915 5517
1557 4515
4517 3488
2684 1356
6470 4859
1774 3688
2906 1254
1844 712
3378 3389
5291 2037
6443 3729
1613 4278
5656 1556
367 167
5655 2825
2004 3702
53 5278
6429 4206
2940 1483
3735 3744
1532 2604
4272 3253
3504 6867
6161 5805
5110 2158
1775 6432
3814 6035
2992 6937
4862 5951
5500 5404
2698 6245
5852 5274
6674 4305
1817 2862
1537 1403
2417 3037
4788 2085
1614 1970
4988 1359
1062 5136
1739 4843
4431 5476
1050 6407
5040 629
1001 6108
2458 152
4875 4791
18 3808
6498 1504
1197 2591
3160 6985
4831 3508
1163 5399
468 6348
6134 4699
3730 739
4589 4815
5033 3901
6855 1982
3609 355
4795 6475
4528 48
6669 3388
6955 4208
2607 2818
2051 5871
2418 4050
4263 6446
4326 581
297 1835
6302 2392
6438 2764
6925 1249
354 2363
6418 4078
728 2403
4624 3229
4403 2194
4639 3276
4609 4738
4478 4464
3342 1642
2855 4901
4005 5486
1989 4653
6037 6147
4567 3716
2350 4094
2968 2849
617 2185
3494 2901
4629 5855
6989 4453
6457 3607
5677 6315
2057 6372
551 5901
513 4829
3878 6721
4481 1272
1395 257
517 6158
4926 1398
2634 6561
6954 3010
3366 98
845 3906
5721 4046
754 6686
4456 5489
3859 6080
4547 2094
2237 3910
311 1611
2514 5754
5550 3029
4006 175
2164 5624
4974 2854
781 6500
3520 6858
6568 613
5872 230
967 3203
5737 2517
2974 6772
4411 852
6387 6767
6189 6121
2835 1253
4040 5636
1691 3817
417 636
3165 5292
6773 3735
2521 761
4457 3194
6273 5345
6437 5505
4959 5385
6583 6480
244 2291
5319 6823
2038 3960
5780 630
3890 3920
5827 746
2398 3062
1326 1003
5805 5835
4011 617
964 3614
151 211
6081 4882
6240 1542
877 3278
1649 4906
4834 5661
3439 3543
1225 6197
1971 4455
1899 3108
1310 2055
3726 4958
2813 5808
5570 5087
3127 4733
6928 4783
3676 6825
616 2560
427 597
5247 6853
2972 4388
3064 2839
2106 169
4664 3437
2446 4503
389 1882
3513 5816
1834 728
3628 821
6282 2751
6744 6738
2566 6252
5239 5373
1670 2472
2056 1905
4870 5360
1055 4606
1672 1647
2923 5743
2374 4372
1476 1032
1937 57
5062 2683
2348 7000
444 3756
3070 5618
5197 6725
1122 4779
5022 451
1412 5334
998 551
3602 6852
2102 3250
42 183
1749 2233
4293 3073
5736 5597
5670 1350
4950 2299
4847 3858
1238 6836
4678 6978
840 5497
5692 3330
6516 2771
3612 5649
2677 4170
4179 593
627 424
1579 599
4345 827
6347 2226
747 2728
6617 4646
543 2704
2685 1440
6549 1952
2991 3329
5198 5864
4053 5704
3929 5351
317 2902
527 4731
2782 5965
3156 3818
5366 3946
4920 2340
4391 2073
4132 2005
968 762
4441 6220
5702 4972
3418 6599
5230 5747
3463 29
1363 6261
2022 2701
1246 6890
6505 4395
4855 3625
1437 1874
2443 1622
4948 34
1938 1671
2157 796
4381 6917
239 324
3455 6624
6551 676
5498 3263
699 4558
1212 4759
3246 3571
2428 3405
5332 2397
1109 4599
2063 1135
2421 3363
3026 3996
604 963
6547 3776
4518 432
6738 6934
3822 6907
195 1940
3660 1545
6737 3868
2628 5629
6151 4936
680 6227
1463 5583
6998 5779
3442 1037
5839 1449
1685 1141
5842 700
2266 5940
1117 4444
5785 4983
5331 5244
1998 5
6364 6987
6924 6977
1502 64
5437 2660
3833 1203
5891 2490
3939 6450
5714 3970
3340 4641
6198 2594
950 2056
1101 2664
6923 2983
3592 713
2472 45
6962 1991
266 6182
657 2863
3190 1380
1497 1409
3131 6663
2799 6968
5135 5913
6960 5070
3565 6135
4879 5304
6508 3491
3426 1509
3904 4992
727 3332
568 1274
1102 5242
4218 1284
245 3009
1935 5837
4439 3064
363 3046
3873 4298
6658 6896
2309 224
1902 1732
3530 4818
6856 143
4951 180
111 6470
2702 1114
6562 102
5592 1062
3881 6731
1038 4691
254 356
1112 5760
4852 3638
6196 6681
4497 4831
1033 1211
4702 4833
2959 5749
4121 280
3013 4409
2505 5873
542 6914
2434 3400
6504 2380
4646 5139
5683 5932
5791 2644
4251 5047
3326 3211
3141 6410
2977 1891
6664 1691
1172 1358
1427 2852
4802 4446
4987 2319
1194 554
4090 4744
4826 6337
2405 5610
958 2060
5703 344
3810 4530
146 2059
6357 3412
2943 53
6716 621
5055 2147
6939 4097
1600 6339
5278 4169
5658 4696
2208 3117
4520 6271
6723 3971
3158 5802
4541 727
5347 2013
3087 3675
888 3341
1703 2932
5515 3907
214 3690
6867 4430
2554 3020
3359 3694
4209 2348
3678 2873
3398 6995
1484 214
5044 6792
3603 5686
409 5442
4057 3813
2279 1980
4033 6888
690 1101
6194 5093
730 1934
659 1174
4940 2269
5638 590
1374 1978
3341 1883
3635 5737
5272 6636
1277 4172
1654 3133
2479 3982
5948 1815
1384 3919
5773 282
6268 709
2444 6155
6249 111
844 1986
1730 5053
6879 2996
5614 480
3047 3033
2144 4612
1747 2597
13 1270
6231 5101
2386 1264
5193 5408
6603 5744
314 189
2078 4619
1216 742
4791 3863
308 5522
2631 5248
1943 2315
804 5443
1611 3061
5313 374
4400 1849
3030 4913
405 229
6176 3682
3108 2907
6720 4766
538 4622
3354 5623
4684 1617
4189 3769
6914 317
3164 2069
526 874
6127 4538
522 3909
2653 4952
270 4159
2618 1510
1851 2396
5794 5564
2328 4199
4118 4153
1948 6027
4676 1082
6070 1916
5106 628
2442 350
3094 5190
4530 658
368 333
4657 6883
1040 1367
3979 6578
4601 2677
4839 3903
3903 6615
6671 1293
5711 4511
2481 4008
6951 5967
6015 3476
1099 5024
1275 5776
5811 1871
1294 6580
253 6685
1356 4334
3799 2574
6019 1669
4309 1765
2130 4728
1833 225
2691 3277
1507 3942
2429 1208
1794 3028
5742 3246
6032 2175
663 2337
6310 2689
4833 4760
4495 2334
5687 4397
2726 6938
6133 980
1724 1085
5640 6795
5057 946
1023 5511
6154 172
5349 750
6849 5683
4375 5615
2119 3618
3414 1752
6947 3399
5093 4079
4451 6168
3380 3522
149 3202
1169 3976
2066 605
1563 4683
4824 1998
5208 1479
785 5469
1896 1426
5894 4400
6558 2082
6355 4523
2958 6971
1460 5367
6982 6293
5221 1941
6654 782
1645 5880
3404 2768
719 101
647 3270
3304 6304
4039 315
5836 1250
4715 394
6612 4242
4860 241
5399 6620
1860 179
1490 2596
4095 4200
6396 279
1087 1769
790 640
5199 278
2592 1948
2168 1214
4674 470
2016 5941
1213 3208
1714 2028
5333 4930
5727 1021
3953 5178
3624 4719
6035 1144
5934 1737
2758 4266
6365 4544
6442 1932
4823 2446
5963 4063
4455 6552
1440 4293
6315 3438
3298 6952
1118 1734
3113 4925
3052 483
5942 4272
4976 3034
6733 3054
2139 3511
2475 4460
2617 4039
5352 4531
6922 1822
6251 647
3104 4755
6111 624
1406 4797
5046 3013
6102 5348
5379 6505
6542 3983
5684 2611
723 4489
3522 1259
1357 1927
574 1538
601 21
2203 3743
3688 6127
6906 622
724 4408
6880 5401
3985 2482
5182 2656
2565 5830
5619 6359
1470 2833
6893 5006
4445 1189
6857 5983
2408 5459
1282 4638
4195 1800
326 3534
5641 6550
2836 3554
598 775
1651 3482
1665 3169
6331 291
706 1232
2014 1543
2156 116
491 1340
632 4442
5248 6393
5011 2533
2432 4234
2094 6780
4873 6390
2170 5336
3111 6541
319 88
469 2657
1813 5674
2833 1381
2766 861
1044 5617
1274 6745
4809 4862
2287 3689
578 2406
561 5520
5713 3480
4797 2967
4139 3829
4728 4872
4117 6573
4884 5207
5838 1265
5029 2416
6681 4101
4427 2203
2452 5073
2141 2589
1788 2196
1185 1307
751 18
5185 3003
348 6054
6524 312
356 5961
341 5672
825 1801
4524 1781
5593 4567
626 4250
2561 200
2211 5418
1281 5411
3003 4668
3162 176
1574 1877
1564 5320
6150 1111
1889 3331
4688 4027
4885 1237
3738 4743
2798 6708
2069 6667
1474 2870
5370 1077
5654 4329
2040 6128
5373 6964
273 609
4097 5216
6667 943
1577 2567
1962 2857
5941 5652
624 336
5396 5797
1313 4649
1036 1068
2728 5681
3236 5731
1343 2544
5355 1216
4216 2431
1781 6284
5549 4991
6721 6682
3447 6929
5740 5696
2226 6733
2629 1018
4489 3239
3381 4217
5554 5319
3866 831
6981 6802
3862 3336
5517 4204
498 3425
6066 1424
3396 4574
109 1306
1766 2830
6865 3624
6535 4956
6411 4546
5362 6720
5907 1294
4317 5126
5200 5741
4091 6208
5810 3566
2615 693
2583 6954
6114 338
4861 771
4231 5559
5922 2621
3348 6915
4125 3527
6579 5071
5682 5392
5229 5600
6327 6942
1321 914
2694 6799
3743 4083
5850 1697
4382 2973
1353 5075
2180 341
2837 5662
5281 5463
3554 6542
4562 2777
3407 706
2915 1210
4883 704
5616 6583
775 6196
3731 4338
4848 5501
1925 1278
4670 4941
6080 3999
3585 1920
5267 1655
655 4749
4387 1191
2037 4017
6477 3656
1396 3630
4259 2710
155 5711
5985 4452
6715 3722
296 3475
6082 5252
5968 1553
5416 1706
4700 5571
918 3079
2966 1064
5612 1755
5214 3282
5016 2332
4295 6034
350 6611
4416 5140
6943 4258
6296 2595
4854 3385
5623 5972
5280 2624
5605 293
6712 2018
4188 2320
2034 3085
4109 3038
5172 5454
5451 2984
1920 6727
4327 4796
278 4539
2264 6201
4061 6958
2962 6111
3006 236
5502 4526
6135 2856
3040 5877
2584 5603
6680 2993
875 5407
2060 6396
4307 4516
1886 1703
456 5398
5166 2819
303 2742
2308 4722
4146 3593
6509 3007
135 3780
3882 5878
6761 2638
4581 2658
6588 2692
1030 4276
3034 3504
5896 6030
3451 397
2552 2929
650 5660
4705 1610
2871 6730
1061 818
3392 3773
2828 3233
1501 100
3549 5533
3898 1385
4752 4669
5920 4110
3294 3891
867 5291
6332 770
6390 1067
4538 6336
5053 51
2445 3256
6097 5727
6214 2139
4398 1606
5665 5894
5014 5746
3324 3302
2637 5447
6839 2526
1088 623
1955 4703
70 2021
1486 892
1726 6486
4336 6931
139 4443
5858 5138
335 2986
4858 4541
6792 530
3958 1984
4228 743
4045 5781
555 4210
2017 1432
3168 112
5178 4458
5216 5391
2227 5144
3695 5809
2961 2437
6449 2559
5717 5976
2722 2748
2312 4704
5910 2568
4619 5778
2793 5620
2762 4946
3571 6437
4628 5164
5875 4102
23 6821
2370 252
949 1471
1496 6851
6791 2477
2002 5229
3479 5621
693 1742
3618 544
6094 1896
4486 2685
1317 6856
5361 1415
4686 453
4498 2204
488 6185
873 3307
3043 1492
5195 4931
5025 5397
3446 2451
4364 2224
4010 2220
874 1279
4321 4938
3296 6732
4092 4145
4242 4763
4068 3280
2071 2935
1409 1333
2849 5582
2745 3567
6566 6383
4977 1158
5504 3517
1821 4005
4124 4513
3545 6700
1858 6716
749 5968
2478 4485
6423 1508
4448 1165
6130 1788
1908 1324
3080 3381
2614 4527
1617 563
4361 426
5202 4376
1385 5372
3125 5614
512 5761
1910 5829
1878 3345
5417 1212
1371 3750
1756 6814
1777 4517
1158 24
789 1017
876 6163
6605 3066
121 6859
3258 6045
2080 4725
1890 6091
4134 2562
3713 1322
1251 5389
4620 6736
2302 1419
2194 4819
5622 2754
5096 135
1928 398
4972 158
5998 4481
6353 2150
3401 6249
2134 830
6440 6314
5944 6482
3036 5308
3309 1955
6172 4774
5669 5945
4549 3831
1417 4184
5003 6096
6335 4175
4932 3089
5444 2157
5768 5867
5629 723
6293 4080
2778 2113
2252 2002
5538 258
1785 115
2711 1667
5880 5626
4339 4605
2735 6386
5710 4270
1466 5607
548 1207
6598 4742
1810 2927
1377 5525
376 5526
2332 5806
6903 5537
4408 3647
339 4488
1492 5156
5637 2095
2368 5986
6560 842
6599 1959
3147 1947
3032 5177
886 2665
6481 1176
5732 1867
3820 4631
710 4551
2255 1167
4679 6312
2431 1619
6592 2988
6499 2753
6220 878
4546 1546
2873 4336
2449 6737
4764 2969
6614 3855
2482 26
5734 6419
3914 3448
6213 666
5045 1368
1454 4131
1381 56
6511 2110
3194 4068
6040 3453
3202 5009
196 4044
3954 3299
2343 3856
3281 4582
4828 2043
1657 936
2371 2217
131 2351
4341 3902
1729 6557
3984 5083
5776 6039
473 3958
2656 6847
3484 6579
4204 3067
1622 174
2466 2225
2918 2086
5380 78
6573 4496
5829 5594
4694 5612
3391 6644
1984 4822
5547 6690
322 4155
6889 1876
6564 5910
5233 6889
1991 2802
285 228
1616 492
3834 514
1891 6033
4155 6798
459 585
5220 5065
2630 1743
6181 893
6934 2245
6796 3220
3212 2042
4754 905
6717 3569
4555 4747
1289 6000
511 401
4101 6653
4023 425
2528 2487
4907 5221
6575 475
5228 5125
4383 440
2190 3594
209 5698
2107 512
6445 4051
4869 1997
1319 1791
5261 80
6949 678
3221 1452
2578 642
1215 2811
1562 4889
4066 5297
6777 2308
669 3124
3725 1777
5042 5231
265 1089
3330 1261
1467 3516
152 886
4370 3659
5990 4383
3139 4993
1493 6448
820 6242
138 5079
768 5191
2318 2103
4704 1751
1721 6229
5024 5384
6910 1425
235 5562
4214 2727
1988 542
5895 7
554 5613
532 1073
5513 6678
2465 4726
2948 2977
6491 5848
2853 586
5860 3944
5231 1282
3422 1985
2059 6609
5624 1885
3148 1796
5626 40
4591 6323
6026 2864
6589 580
4222 1564
2507 5541
2121 6349
5878 5173
5584 187
5950 4598
5391 9
565 1561
1904 5798
4979 883
587 6710
1297 5846
6813 5844
5252 4805
81 4477
5660 1846
2209 6296
34 1929
6305 4438
6869 222
740 442
1543 2009
6436 5924
6122 2994
1076 6058
1386 3932
6992 4275
1676 6946
3089 1787
2178 3365
2416 3006
806 6631
3993 926
6217 5115
3869 4358
6381 5096
5133 3436
4338 91
3495 3355
5696 1366
3555 6911
2787 5508
2354 1391
6651 3309
6074 5421
3327 5450
3525 731
2547 85
6695 3501
1422 4168
1379 3283
1149 5791
4790 660
6452 6202
5353 1540
6656 3359
5409 5796
955 2065
2242 6826
1217 3596
261 1225
3917 5928
6506 895
6607 499
329 4141
5598 4399
6014 2662
6724 3849
6784 3210
1219 4245
4566 6509
4938 668
4521 367
307 4777
6264 3752
4406 2561
6360 3135
4811 604
6399 6025
3715 5666
4359 5120
2912 1314
774 971
822 3542
4072 289
1866 2423
4668 920
5125 286
2005 6980
4540 608
372 2952
2163 1684
5348 2132
4329 3305
4623 2379
6165 1673
2013 810
4608 1347
6968 4825
1323 5182
2939 3969
145 2393
3532 1495
6920 4660
1650 1117
4750 6061
5489 4391
6878 931
3957 3042
3234 6102
2890 2295
6043 3368
4878 6169
5330 552
4147 5461
1390 1079
2781 2842
6115 400
6096 2578
1307 846
2774 3740
4745 3605
3816 3943
5778 3580
507 12
4172 1277
1047 680
3775 1745
4187 4706
6415 2786
3841 690
4253 714
2174 4037
6366 876
3129 107
4794 3649
115 2170
1740 328
895 5033
1981 3366
3912 4873
3777 538
4016 1507
3489 6239
2732 4935
1822 4425
4731 6248
6785 1901
1990 6144
2201 966
2593 184
1573 4360
5209 4688
392 4995
807 1115
5745 1320
911 1682
6502 1039
3827 2602
494 6618
3845 934
3206 5668
6983 3370
1060 3939
2030 337
208 3304
2391 3045
6461 3632
6007 4224
2077 3648
2636 2040
1626 1902
1075 3955
4079 3092
124 5969
6515 4231
3201 3832
282 3626
6632 2928
6711 5122
6237 2046
4203 1915
6673 1298
5201 1048
1652 1645
848 6268
1789 6280
6905 2290
4363 792
1972 6514
4296 5998
2262 3835
1014 5362
2235 2939
5976 4595
5132 1182
5075 6379
5762 2937
6057 4874
5497 4729
6503 3189
679 2415
6492 3572
586 1430
1569 2619
3057 1646
609 5228
637 4639
2300 2992
648 6001
3889 832
346 1527
1481 2930
5955 2328
4695 1378
4358 3800
6597 5180
4927 4629
1993 2008
3809 4491
1519 3119
3363 232
771 1805
6212 2633
4626 4092
1452 3767
2435 4313
2654 1289
179 6173
3186 3755
6808 1331
6295 2108
4036 1573
5222 1300
3357 3623
5305 6212
4054 5745
4846 4536
382 6870
5158 765
2994 2143
5691 1379
3453 3838
2228 6638
1997 2716
4227 3274
4025 5240
1049 6758
6241 3650
3126 5643
2874 1275
2755 4256
4212 1271
5987 6564
3300 6095
6789 1339
3276 2571
2241 6923
1285 3507
6775 757
192 875
5167 5247
5749 2279
280 2872
1034 2212
1518 3794
1097 2630
243 6530
1980 4661
815 2522
2151 1792
2843 3664
620 2381
36 4919
6379 1695
3870 94
3337 3846
1641 1738
1093 1464
6576 2243
5283 1304
3821 284
12 6019
2099 2971
2459 2112
6591 6906
5390 2223
3207 1754
3170 865
2842 3937
6710 2797
2920 52
6321 4587
814 5060
2640 3742
6677 4879
3044 600
4417 1172
2822 6221
77 4969
3794 4249
4612 1267
6874 787
2204 6350
3899 205
3570 5733
900 1235
6942 6543
6108 637
6002 5818
4192 3149
345 1912
1776 4104
3469 6468
4900 3900
2126 4924
2100 290
2967 3021
4981 1467
4297 1864
4449 4122
3690 5437
3636 357
6175 575
685 869
1018 1816
3413 6008
2729 2124
1568 2680
5128 4466
4328 1949
2910 4959
6313 2246
5060 3736
2831 1476
6285 2019
6812 2671
3050 2616
5265 3655
588 5897
5521 5034
5138 517
3720 677
599 5483
5600 6742
675 3877
6138 484
5795 790
4572 954
5408 2853
5371 4379
4252 5823
202 1301
5923 2964
5897 961
5368 4834
4597 3814
1446 5851
4015 1539
1495 1348
1397 6692
3117 4519
4522 4406
2947 4734
198 3287
2423 6363
2600 3174
5168 3672
6995 6493
4580 2645
4271 6049
4051 5966
1241 2524
1806 5783
3994 4354
5073 3771
5050 496
6546 3025
2679 1496
383 6886
2240 6179
6079 6862
3119 5605
1808 2516
6871 1499
4246 1448
1392 4346
290 70
2595 1041
4874 4911
44 82
5663 5887
5109 125
826 288
3208 1502
6698 6630
5849 1429
3058 3879
2397 5019
756 1193
3317 501
1178 5627
3756 2782
3468 6668
3456 1865
6517 610
5473 6857
4247 6972
6748 4960
4548 1423
4739 6278
1373 3621
940 5251
5520 477
1951 4708
6525 2458
3307 3182
1604 4001
5769 306
1832 5412
3012 4977
2795 2959
4211 387
3521 3111
6731 508
3377 3426
3179 2634
2195 1246
1936 4812
3808 3875
5946 1930
759 3933
4409 6228
6450 558
1299 3032
6853 2127
3938 1718
4575 2938
6209 4573
2861 1518
2349 5547
4166 2341
2390 1608
75 446
4641 2698
4598 535
1176 5069
4466 6502
6068 2399
3101 1257
4009 3600
5645 2997
2904 1013
3209 3546
5316 3654
5429 3666
1108 5104
6913 4884
6263 2074
1887 1851
1115 6062
3105 5201
2739 3728
524 5488
5708 4394
1442 3315
4477 1431
1640 6238
4607 3873
2091 6118
6064 182
1738 263
1210 2208
2896 6703
2858 399
6266 5841
4126 1384
6866 4617
928 3083
5935 2792
3121 6145
5258 3271
2819 5008
377 3520
6699 3308
3668 4620
80 4111
6060 5041
5150 3608
6324 1762
4464 5653
472 4855
5757 4064
1549 5611
118 5208
5381 3812
4056 2913
502 4147
158 4618
2271 1362
293 368
6843 2160
2530 3887
3610 1151
1479 3001
4352 3413
1066 4850
3412 5366
5480 6722
3243 3962
5965 4690
6788 2371
2483 689
4558 578
3669 1482
175 2091
5245 1080
6805 3802
1693 3573
3547 6094
6732 6808
3232 3241
438 5962
3634 4715
6521 5858
5307 5163
5308 632
3474 5586
3226 5999
4107 281
4127 276
3580 358
1206 1046
937 2954
5402 6211
3973 1051
176 5185
745 1345
5563 6783
4660 6469
3999 63
3152 6584
5009 826
4887 430
4140 4203
2941 1334
5069 43
1025 5379
4896 995
1694 6449
4206 5688
6085 2206
1682 6166
2854 3847
4422 1474
5007 5099
1462 5708
2973 463
6798 3357
6557 2254
1224 6689
3493 1116
3259 1217
3077 2905
5181 3674
1161 2637
5137 1664
6706 2493
5764 2649
2464 6597
3053 2893
3537 1690
1290 3988
4158 5977
6840 3268
2298 4411
1287 3152
5602 4365
4509 4013
3315 5804
4322 6544
5533 5701
4316 376
896 3595
299 2841
5857 1579
5588 4896
2603 3397
5395 2375
3107 4368
3425 907
451 6813
5943 5528
4942 6387
5814 3081
3361 1218
347 2729
5165 4588
487 6210
2383 6833
4488 5546
6858 4393
5378 3836
330 589
3387 4868
3475 1236
4199 6774
689 1462
4561 5289
5672 5857
819 4713
5350 5768
3500 6344
2582 6651
3360 5490
1870 1913
832 2097
5646 4918
5227 2441
6648 4949
1196 6409
1897 4635
3645 5217
6020 3515
2257 2995
4717 1327
2982 1102
3237 6148
5064 6869
3516 3876
4701 3235
3393 500
765 5352
2131 5037
1762 2244
3665 1875
1006 6531
1531 3150
2041 4028
4594 797
2900 198
1882 2000
4469 4643
2468 6416
1119 2948
2006 2463
3907 6403
5927 6773
3110 2838
3137 1576
2273 2123
271 1636
5071 6224
3222 4596
4906 1466
4287 540
6770 5985
567 4371
2682 6924
5868 6327
470 4535
3441 419
6759 1855
2184 2577
5889 1004
1898 6193
660 717
2806 4568
3229 1157
1849 1286
388 3126
1298 5181
6901 3883
2280 2987
276 539
6003 5641
1959 3084
5949 1276
6994 4767
605 373
5086 372
5989 3811
1485 2365
6158 1533
445 20
3220 4789
3375 1185
5754 4899
4300 5449
2028 917
1324 2936
6966 4579
3351 711
3345 6381
3941 2473
384 656
1863 330
295 1215
6793 6154
279 3720
695 2510
5188 778
5501 4754
597 751
4658 448
6705 4607
1043 6860
1240 6451
6647 61
3583 5532
1954 3192
860 4800
2924 643
633 6424
260 2253
6486 4702
691 5123
419 4284
5311 1900
5340 79
6348 2377
2860 523
5744 412
133 1629
5531 1033
541 1383
1695 5029
1459 4886
2564 696
230 3661
193 231
6485 472
5445 6642
6367 5921
1708 4471
3017 669
6063 4900
6455 6696
3905 4482
3969 4182
6363 6256
6223 170
1809 1
4289 965
6318 5227
6825 5068
3336 4581
103 627
5035 2784
6679 4355
4308 2303
3193 5046
6227 6748
5219 3622
3868 5828
5601 6053
1339 3252
2454 4757
6493 5993
3780 5852
2011 1618
6764 4601
1664 5259
3687 4218
5098 1330
442 3264
5535 5725
1303 6283
1690 3540
6652 2887
5443 6188
302 5063
1051 1450
3986 4564
3014 3815
5442 838
3205 2186
1855 5535
3625 5963
2956 1767
4799 2412
4783 4888
3185 2555
2926 1342
5763 6162
82 3481
6376 4330
2683 5225
4430 2815
4390 6655
5439 3458
5959 2263
1508 4945
429 6160
500 5495
2927 3483
2296 6046
3143 5849
4476 2187
3075 3137
5367 2071
6117 5889
1331 2675
1964 3558
2506 2874
6343 1775
6139 6140
2767 6192
6312 881
4712 6331
3741 2448
4484 4594
2062 488
1644 6020
3817 5637
2937 3333
1571 5883
2215 6684
990 5872
4571 5832
971 791
846 92
1480 4113
1464 4066
3411 130
6570 4176
2154 4848
3417 6324
3606 4964
4059 6236
1686 2505
2645 3645
3084 4328
4761 651
1468 2820
5359 1544
5294 3759
4743 4902
2032 1186
4592 1386
4357 244
2396 843
5386 5080
6528 4711
6670 2261
433 5299
6038 994
439 4808
4531 5703
5679 3590
951 1962
2823 2155
878 4002
3308 6723
3620 2512
559 662
2027 2265
731 5434
2850 3727
2863 445
638 2344
5834 3793
2626 4133
3644 6735
6431 58
1818 4636
6319 5209
3924 956
3297 3147
3062 6047
479 2694
5317 1827
5155 1799
889 1831
1797 1255
2316 6184
4762 898
1020 6515
5323 318
3970 6069
1570 3026
4440 1924
4235 199
6179 3725
465 2173
1939 6398
4333 601
3477 6157
5689 5667
6333 1661
6439 2457
6386 1106
595 806
6848 4290
1179 1750
6412 1634
1242 2696
2632 2626
5537 6604
3420 6807
180 3433
1433 3171
4922 4937
6236 2846
460 4707
4965 2553
1170 5669
4064 4126
1675 6377
1960 3265
3263 2280
1078 4156
3323 4222
2608 783
5023 2476
2883 5264
2012 4071
716 3297
2895 2669
305 1150
1347 304
510 6601
3959 2686
6283 3187
5263 6812
4243 5606
1145 5763
3390 5215
3836 5020
6703 6408
4396 4484
4798 2169
3773 1262
795 2222
6034 4478
3350 3748
6048 1519
1764 3445
2406 4943
2378 489
891 3680
576 2962
1209 1625
4003 504
3781 1593
1620 5343
5151 3885
3242 3518
4392 4637
475 5315
6183 5973
6416 4647
1337 1723
5041 2029
4432 6287
110 1007
3714 5381
3689 5960
215 6747
1136 5007
748 6141
6565 2464
6559 6837
4902 5787
6817 6766
375 3692
125 1571
1500 5964
2076 3697
4018 2401
869 4500
423 3431
1728 6456
1261 807
6242 823
5686 6264
2801 6122
1292 2823
6458 4213
2293 1360
4819 1899
3831 814
5739 2900
5406 3544
1856 6984
5781 1168
2646 4697
4229 6687
5440 2189
3654 3459
2577 5167
6754 2740
3021 5970
2118 3184
4499 3954
3886 6473
2882 3457
4144 6508
4437 1599
4332 4514
4632 4214
2538 3469
2706 6588
2477 4312
1405 6662
2771 1113
6750 4550
1666 5269
4780 2666
1619 5512
3960 6101
5374 3870
2049 4233
2951 4454
3081 3344
6827 4294
3535 2720
5241 5929
3130 5116
725 6195
1852 1574
410 6605
5067 1302
355 659
4239 663
4240 3071
4718 375
631 760
2281 4254
1621 160
3915 1411
3723 2844
6278 3956
811 6378
1262 5895
3640 226
78 3646
4346 1513
2527 3914
132 3245
4414 2192
618 6513
5788 2034
5218 4427
3481 3129
3536 5452
60 1733
1827 5365
6228 2620
6620 6885
5321 5700
6100 6569
3106 5482
2411 3261
5772 405
6899 309
5988 6962
3830 6105
2533 1596
6567 3008
1086 3652
15 5979
4527 1407
6147 4119
6152 6462
4912 1908
2285 3845
264 3893
47 3353
6203 151
4949 4553
1824 4609
3061 4748
3712 6846
1905 3128
25 3324
5573 3207
3840 5695
2622 4288
220 1104
1589 3945
2667 5707
1300 5758
6533 2247
2881 6947
5796 3116
6124 6959
1094 3422
2659 2588
2330 2783
6031 901
3992 6998
1922 3760
447 5709
2382 4215
5864 6371
6986 4492
416 3978
4230 1589
2575 6669
1031 5751
5433 6215
670 72
2911 2268
486 6918
2713 6865
5877 6471
4148 5331
207 4739
1123 3963
316 2444
2088 339
2517 4654
4849 462
3729 2678
6281 4151
4511 990
3303 31
318 4091
1301 3604
2945 6422
4986 5838
2509 2848
2999 3343
5224 4776
6824 2275
2805 2767
6996 2022
5771 4369
6180 3578
4031 6055
966 4261
1370 3349
5574 5155
6143 4780
9 1782
2658 4861
2322 5498
4777 4252
3138 3352
5837 3806
3849 4060
6422 2026
4707 1797
6219 951
4605 6103
3956 4223
5743 3538
2763 1148
5144 4285
1761 6491
1961 3243
227 1506
6279 802
5566 6693
6192 5917
1791 911
1555 718
5061 3641
6701 4171
2253 1326
1456 3763
6526 4081
592 4689
2186 3380
6202 275
1594 1936
5372 2623
5496 2514
492 6042
1416 5875
4934 6003
545 5885
2725 3565
166 5573
2816 6879
2455 6806
2246 4525
358 4433
2361 6235
6322 2213
2084 5119
5058 49
2559 4121
6368 133
5831 1328
85 3382
4285 5211
4245 5955
201 942
2238 5222
2954 5129
3085 2547
3652 6656
54 5305
4399 3502
458 5416
566 3633
5269 5767
4096 3110
6948 4561
5 1001
2752 5640
2769 4476
3991 2788
1582 1644
2112 3576
1742 3708
4323 2044
6466 6041
2512 3519
3285 6120
351 1653
185 6680
4943 4082
1506 4132
6760 4247
2338 4201
4740 1096
1580 1529
3343 6992
2905 4685
6726 1763
2116 6209
4953 5168
4583 6401
1561 5724
986 5003
4014 2164
4269 4765
5994 1437
5694 4772
3271 1946
734 5271
2115 3993
2363 3586
6700 44
5026 3490
6325 2051
2518 1243
1767 406
3321 1291
4957 2681
6374 524
2588 3500
2250 1341
1796 6752
2576 3451
3322 2236
2202 1229
933 1497
187 1160
6697 1954
4851 6232
5716 4499
4841 6582
1541 2089
2210 1651
2233 1858
5954 2027
4433 457
6540 3404
2936 3177
3661 3619
4634 3134
1448 3170
90 5246
1249 6388
4941 3446
5540 6200
3033 467
6696 1627
3573 5027
3464 2824
1590 2916
2876 4045
2922 497
798 6982
5881 1154
5017 1205
51 3392
1189 2556
903 5086
5334 361
4857 812
3238 674
228 4375
5236 4614
4736 6240
3891 5493
2410 1659
2570 3418
780 1457
6829 516
1815 5753
3542 3371
2997 1935
802 3851
2862 121
3457 4847
1346 4472
6772 3952
4286 1477
5074 1335
3128 273
5363 683
5434 4821
1340 1199
701 3311
4917 3027
5578 6897
6828 6533
117 3011
4997 99
3921 4610
2821 6955
1429 890
5460 2007
6522 4335
4281 5214
5336 3260
6373 5697
834 5118
1110 1460
600 261
5575 6751
2010 4680
852 2539
437 2869
5212 4339
5161 3068
4404 3424
6385 1042
3083 6478
123 5766
1839 4237
3400 5187
3594 6953
5262 614
5577 14
4971 4559
4643 6153
4876 148
5991 5487
4901 6810
4007 3441
281 5094
6692 5035
3352 3393
84 6724
5956 2053
4582 5424
5063 5484
4407 1572
5286 4615
2712 2961
3671 2507
1205 3547
4349 2459
603 828
523 5839
2494 5300
5846 4332
3648 615
2355 1057
197 2084
4067 3284
6990 2434
2785 2603
4306 5956
2525 3905
436 6829
2474 6677
6182 4693
5787 844
5508 1030
1153 3957
6300 1105
6193 1228
6884 2780
116 1861
4813 3291
2750 6420
6058 5788
6763 5646
5279 5518
3501 439
3355 188
5568 2809
6519 4845
5453 6433
3974 2436
4043 5326
1393 4898
6201 6763
4141 2469
6780 5445
2928 3581
5644 5947
1039 4109
6148 3807
1559 2129
857 3597
3274 1137
5424 4694
2692 5179
69 3096
1272 3936
6581 5328
6851 3660
1499 6243
3989 3582
6736 3055
2807 4923
4275 2402
1162 877
5401 5091
3774 5718
2025 6932
4167 794
5411 1468
5335 3819
2624 6373
66 3853
4821 2776
4672 1839
4921 5176
939 6285
4533 1826
3035 6660
3724 4814
1845 5224
5678 6654
4618 149
464 2366
5962 626
6258 2985
5967 694
4490 1534
3329 3317
5871 1778
6222 5197
3098 1523
1159 1612
3784 1436
6961 1585
153 6334
5560 5997
4952 1188
3805 2197
2751 5458
4614 1399
4734 3745
5996 6391
924 3196
5755 3548
2381 3529
5213 6426
818 4675
1489 2429
829 5870
3909 4475
987 2926
435 1047
6166 93
5753 2064
6663 2674
6216 76
5289 4705
864 216
4291 3981
5853 3505
697 6614
1705 6040
4775 4370
2648 452
6487 4740
1861 5349
1366 2542
4903 5426
6292 3036
4128 4735
2331 6649
4681 1854
835 3653
4724 6784
5476 3785
2627 1780
6269 1712
4250 3860
2738 5916
917 4509
1768 2572
6897 4907
1706 5145
2447 6787
563 5811
3706 5975
6005 5102
570 5165
2029 35
2433 834
301 1635
821 4202
1914 1283
2412 6174
5032 2067
1556 5014
5087 2551
4998 474
5250 6204
3452 4773
2083 5590
970 4179
2987 521
2359 5335
3100 6575
5628 407
2557 566
6636 921
3737 1633
4137 6698
3506 212
769 1420
1929 6844
2611 1699
3864 5258
838 5277
2197 2722
1004 5890
3945 6556
1924 6333
1441 4996
4895 3428
4288 3881
6714 3842
5288 5474
223 235
5564 6520
897 2816
5120 3966
3379 3758
5002 6300
2035 2706
6643 3160
881 1672
1181 3799
2568 6545
4968 6623
4604 3031
292 1594
2888 670
6022 6384
6316 1198
2556 314
2539 6701
4461 1716
2754 3539
805 1221
4421 3145
5143 6226
62 3953
224 2719
4305 725
5726 939
3488 3358
6028 2015
5092 2537
5223 6627
5856 4665
755 1613
4687 4623
1807 4915
2504 5254
5947 1910
3122 2452
579 6854
186 573
757 1963
2914 6244
3261 525
1150 5659
4219 2882
4570 1227
1978 5496
4402 163
6409 3019
3935 3747
6427 3528
1430 5777
3700 2527
2700 6060
2480 6559
2950 3351
6169 411
4637 6009
4503 2601
2261 1944
516 1311
4278 1911
4157 6949
233 1866
3710 6310
6204 17
1586 3746
2857 2353
3157 1705
147 359
5582 6534
3069 3439
2254 6043
1900 5647
5077 4072
5084 1026
2701 6592
3528 2549
1609 2465
1605 4473
2003 885
1435 1169
1526 178
1986 418
2670 927
1539 2731
1950 915
2550 5566
1428 5748
921 6974
6010 6189
2612 3464
6675 1683
6025 6087
4191 2501
5079 2550
5823 3770
1881 2521
2456 2723
6215 1747
1533 3039
2779 3765
3487 1480
28 2795
6008 2836
2205 6107
1276 5072
6534 616
6886 650
5761 271
2321 2726
5328 5577
4283 2424
6530 665
455 1878
108 5523
6683 4058
6170 5051
3331 4860
569 752
6328 841
5835 3154
2502 396
2635 6950
6009 4723
1608 2724
5472 4914
2127 1563
6131 2121
252 5465
5767 6512
3887 208
6941 4154
3605 6749
5450 2
2427 342
2930 201
5206 3048
6783 2924
2267 2126
6862 2038
2650 2585
41 3908
6446 3295
2098 962
3707 720
5902 5295
480 422
1144 1739
3319 4695
1257 4792
4716 3058
6036 1842
4621 5792
5240 948
1259 164
2898 1968
3812 6495
3976 4067
1069 5468
1629 4236
1120 6317
2113 2357
6362 4404
2889 744
1465 4304
1378 4655
4369 1928
562 6389
4482 3043
6286 1689
83 3218
6977 5141
3353 5350
1267 4181
6252 6904
6929 1701
4649 3107
1139 6635
4744 6435
2639 5494
1669 2659
4428 3300
4963 2479
3736 2199
5051 6522
1867 5752
4350 912
1751 3125
1816 4584
4116 2718
5844 6524
8 2498
1449 4736
1787 5406
1850 1028
29 2386
2792 256
5310 5822
5157 1505
58 3777
6979 6124
3717 1880
4176 6881
2574 3764
3118 1770
3854 904
3174 2713
2495 1131
4220 2120
2797 5111
2817 3296
5603 5114
5244 5453
1868 6936
1245 1696
3015 2492
5398 3396
839 5648
5020 3657
4368 2102
6051 2342
5018 5860
1063 4070
6106 6927
5186 734
5913 1192
550 649
3769 3076
6835 4023
6185 2563
2508 146
872 3301
4299 4976
6976 4441
4159 1400
2996 2944
4446 588
3597 6014
184 5833
3952 979
4331 1652
2830 2998
596 4537
216 427
5013 5230
5383 1022
5916 153
4012 4420
6471 5807
242 6786
3051 2266
6406 702
2796 3153
3911 6873
6753 1895
4279 2941
4557 5715
5484 5693
5466 6365
3558 370
5488 5557
4120 1704
973 6303
4820 2950
1634 5183
5816 2934
2657 1863
5375 2904
3382 968
1054 2511
4113 5481
4135 4274
5527 5575
3016 5260
5992 2282
6350 1372
1074 1244
1907 1557
6012 4684
2757 3783
5653 6112
247 369
3709 2298
136 2318
4034 6146
6609 410
3492 6180
2369 1972
2375 871
2567 1741
3950 3272
2188 4299
5149 2607
3419 4248
3980 5911
6453 1607
6823 3216
3539 3430
3981 984
5377 4867
2515 2976
6912 295
6586 932
98 4003
4163 3024
4519 6366
6137 3994
5718 2693
3142 495
4041 6916
3502 41
6972 6405
6765 1857
912 3209
2185 1266
3461 880
1192 413
4980 77
6075 4566
3076 6044
4516 5934
6779 3069
3523 2050
1966 6765
1364 4870
2394 60
2743 5314
2340 6901
142 1862
3405 4386
2613 978
5364 1560
999 449
2497 2827
1330 4981
4648 171
5465 4426
2068 6657
1414 6902
6769 4997
1016 950
4080 2297
3299 327
883 2871
268 4029
4989 6739
1542 3766
6369 756
4112 3929
3028 2137
6424 1581
6946 3199
2604 3790
2903 6574
3159 2179
4765 1038
4532 1774
1007 5925
2150 3984
4651 3289
2054 3789
6045 2165
1482 4507
263 6996
5748 2925
4662 1559
5613 3335
2189 3487
5457 6563
1315 2372
5078 1406
4304 2832
4759 5387
3897 6318
2542 4839
6156 6417
2105 5942
947 4751
3031 6404
2610 1757
4029 436
503 3805
6837 2891
6786 559
3861 5427
6790 104
5189 5676
2759 4142
164 2232
5326 1292
4944 6234
6646 6664
6451 2176
4098 3494
5986 110
3140 6750
2187 3158
6265 2440
2809 5223
1059 1847
140 6097
2777 758
112 4047
1239 5721
2313 4144
4812 1422
4967 6206
5118 5446
4595 3852
4347 6910
6694 1044
3197 587
4344 3049
1530 2283
306 6011
1632 305
5148 985
5595 5514
3846 4177
5596 1329
2064 2125
5001 6479
1410 4905
1750 1722
5136 1881
6314 5799
4081 5868
5065 5023
767 4
3497 5633
925 2821
2756 4942
1211 2152
3682 1922
3203 1433
1513 3523
3698 3821
1107 1987
6244 4061
6389 5084
5915 3843
173 3826
4070 2343
2437 3561
1469 2359
6822 716
3617 140
2175 4219
6531 3687
1534 6714
6186 1766
3815 6518
334 2364
4366 1444
1438 5907
6294 2552
4303 801
1784 2612
5519 5561
5855 3968
2033 3398
6232 6465
3225 3432
1965 6746
1656 1784
1073 1662
6707 1490
4274 6789
93 1721
262 5750
2933 347
4551 1023
1342 773
259 22
4019 4359
352 250
3800 3820
1956 2943
1854 5509
5303 1357
1222 5931
2299 3407
4814 1668
3277 4229
3112 6351
6099 334
2872 1727
3753 466
5404 3564
3863 1650
5145 6895
321 4810
6811 5736
331 3104
2303 2921
4955 3474
996 2307
4292 5435
5876 3585
2885 1945
4232 2981
4348 5043
5688 3223
3987 5622
5523 1850
5859 4910
6495 2851
4635 2210
3223 4687
49 1804
6987 5358
30 2725
858 5717
5882 4795
5346 3113
5159 2470
3151 2010
5142 3161
6655 5194
5893 395
6993 5262
4301 4837
6746 3509
3877 3667
4270 2912
5530 4642
5926 4086
3701 378
6039 5409
5826 5302
11 853
3249 4450
3844 2234
5277 3259
5719 3496
6622 5742
6284 910
4237 2587
5301 5803
181 5067
1091 5794
1780 1674
3699 681
6821 3087
1704 6840
1949 3466
3630 2699
5786 6523
5951 4225
4384 287
1525 5500
6536 6023
540 6129
4480 947
467 2455
5141 5996
