10 2180
100 687
1003 2840
10031 4644
10050 1483
10079 306
1010 3184
10109 2812
10113 2278
10134 1924
10135 4548
10138 6278
10160 4707
10165 501
10181 3487
10187 5248
10188 3563
10201 3761
10203 4098
10213 3156
10229 2009
10232 1885
10242 681
10257 3751
10268 23
10280 1177
10285 6130
10287 2162
10296 3141
10304 3107
10308 6283
10324 168
10335 1317
10336 81
10348 964
10354 572
1036 6871
10366 4004
10372 3160
10377 2464
10379 889
10380 4675
10381 2991
10406 6556
10409 1394
10419 6750
10421 6425
10441 671
10465 4646
10482 6885
10484 5236
10485 770
10496 1464
1051 3685
10510 6621
10512 1319
10516 407
10517 2386
10522 1912
10552 2979
10574 4645
1059 4023
10598 3357
10604 4236
1061 2001
10626 6305
10633 1711
10637 1325
10638 124
10651 1654
10664 2941
10704 444
10709 6554
1072 1334
10728 282
10731 2475
10748 6262
1077 431
10782 3669
10801 5243
10805 2886
10806 5319
10808 1315
10852 531
10900 4193
10909 6985
10911 2341
10913 2338
10920 6348
10978 5933
1098 2844
10990 2482
10998 1208
11005 3446
11006 1979
11052 553
1106 2478
1108 3461
11089 5609
11091 5653
11094 4777
11102 4051
11108 6737
11151 2467
1117 6380
11171 1524
11173 2559
11191 986
11200 5469
11224 878
11279 1721
11284 1271
11286 2895
11289 2804
11292 6340
11312 703
11320 1879
11336 2351
11339 6864
11358 2359
1136 854
11360 1783
11363 2011
11368 24
1138 1969
114 6592
11406 3003
11420 4171
11435 2414
1144 3559
11446 347
11454 6240
11467 2666
11486 1540
1150 1627
11506 654
11527 700
11541 5626
11551 211
11576 1564
11583 6188
11607 322
11613 2505
11618 111
11651 2542
11684 4111
11686 6641
11697 945
11698 963
11708 1872
1171 3758
11712 2352
11725 1634
11733 3381
11739 4665
11745 707
11758 5285
1179 5972
11793 2535
1180 6231
11826 6853
11827 3237
11828 1247
11834 6236
11863 3341
11864 32
11867 3211
11893 5725
11897 5509
11930 1701
11933 1611
11944 2871
11949 4143
11952 1888
11956 3689
11977 2889
11979 11
11983 3439
11984 2294
11992 3882
12013 3122
12021 1916
12022 2619
12024 511
12032 2935
12049 2617
1206 56
12065 512
12067 4857
12070 1816
12075 4041
12090 6688
12109 3603
12114 2102
12126 2918
12127 22
12128 2289
12135 5665
12138 4232
12165 4590
1218 2954
1219 5589
12191 4191
12195 5769
12207 3889
12208 5062
12210 6863
12234 559
12257 2484
12269 5722
12278 5706
12284 5652
12299 62
12321 3385
12333 6938
12348 1751
12380 1224
12389 2376
12413 42
12416 5719
12433 6886
12435 238
12455 6950
12474 3649
12476 3588
12479 1335
12486 996
12489 6300
1249 3294
12494 6063
12497 3852
12521 1805
12524 5781
12529 1458
12532 101
12539 1277
12551 6061
12568 1160
12570 3428
12580 5780
12581 5896
12587 3827
12595 1029
12596 1502
12610 6982
12615 4586
12625 2948
12629 3759
12632 5408
12648 352
12656 2130
12684 560
12688 2075
12689 1515
12690 3181
12695 124
12711 5393
12714 6067
12735 3265
12738 7
12746 3119
12750 3304
12776 2538
12793 6662
12803 5611
1281 3799
12812 3697
12819 1917
12824 17
12827 1770
12852 4644
12859 851
12867 6276
12870 1322
12877 4109
12879 4107
129 719
12904 1685
1293 6323
12936 0
1295 2563
12951 1995
1296 3195
12963 6596
12967 2186
12971 0
12989 17
12992 2811
13000 5698
13035 6217
13039 6466
13049 6378
13056 2265
13072 2320
1308 4045
13093 3456
13098 5625
13105 1568
13133 3887
13135 4999
13146 4239
13151 3518
13184 433
13185 3049
1319 5941
13212 305
13224 2479
13225 5783
13243 4483
13254 2081
13294 759
13296 4195
13297 4847
13314 149
13346 5858
13364 29
13368 171
13374 3433
13417 6617
13428 4012
13432 958
13436 2904
13459 49
13461 3801
13470 3674
13492 2717
13524 3472
1353 1460
13530 2495
13548 3524
1355 693
13558 3832
13582 3236
13596 23
13608 0
1361 4633
13670 6259
13678 3091
13709 333
13730 883
13738 4344
13745 991
13754 1199
1376 969
13763 6184
13807 2
13809 217
13822 655
13831 2508
1386 3231
13874 3374
13875 532
13881 6104
13904 3371
13913 678
13916 4795
13917 2251
1392 6844
1393 3635
13934 161
13941 5027
13965 13
13969 1202
13982 5659
13986 5893
1399 3911
13994 6400
14023 473
14024 3133
14042 4191
14069 2329
14070 6637
14074 6470
14081 3198
14092 4767
14099 3063
14124 4164
14153 1893
14155 1591
14157 5330
14168 2679
14180 3645
14206 6326
14207 138
14229 4406
14235 2242
14237 334
14242 6756
14252 3375
14266 1997
14270 300
14276 6390
14298 6064
14299 4814
14309 5185
14317 27
14319 1863
14320 4591
14335 736
14343 3299
14349 3680
14395 3154
14409 3930
14418 1852
14421 1582
14467 5734
14475 3783
14480 181
14483 1542
14486 178
14524 4342
14543 348
14559 3344
14580 3764
14583 6286
14585 6996
14605 3866
14607 3392
14614 3162
14625 6304
14630 79
14631 3128
1464 3308
14641 5364
14644 2612
14649 3431
14652 3569
14656 6827
14675 4547
14678 5588
1469 669
14713 2417
14716 4730
14717 2115
14734 1779
14739 663
14754 3855
14790 55
14802 3765
14807 4989
14817 2151
14818 2961
1484 215
14841 1649
14880 185
14889 3383
14892 2183
14911 4889
14915 5464
1494 81
14951 1527
14966 5161
1498 2153
15001 1894
15029 6591
15034 4210
15036 2857
15041 4
15045 2221
15059 1570
15063 5726
15066 394
15078 18
15080 5435
15085 1737
15111 2001
15113 2488
15126 5787
15135 2573
15140 104
15148 1778
15150 2428
15165 425
15168 1602
15179 3864
15188 1168
15190 2388
15194 1907
15197 159
1521 1078
15213 5746
15222 6290
15231 6836
15250 3155
15277 437
15294 5258
1530 192
15328 1712
15334 4987
15350 1855
15355 4768
15356 4677
15359 3019
15386 1139
15387 127
1539 1170
1540 4181
15404 746
15414 4902
15419 5919
15424 233
15436 1546
15439 3040
15443 3263
15457 637
15458 3292
15464 4283
15492 442
15497 1510
15526 3053
15548 2427
15563 3659
15571 6556
15572 2693
15616 1699
15618 466
15623 155
15627 5590
15638 421
15641 4270
15652 3084
15671 6850
15672 685
15676 6642
15692 5033
15696 3872
15706 2426
1572 4993
15720 3663
15727 1996
15728 102
15730 5424
15734 6170
15735 3143
15736 1720
15741 5594
15746 21
15751 1777
15753 477
15762 4200
15785 5437
15788 5147
158 23
15812 2552
15829 2262
1583 1144
15836 6603
1584 3575
15844 968
15871 2371
1591 5962
15911 6245
15913 205
15934 6679
15937 6318
15960 6264
15967 6244
15969 4404
15970 1002
15981 2272
15987 3916
15988 5732
16009 6634
16017 4823
16027 5640
16028 3051
16038 576
16041 6602
16058 2914
16063 2522
16066 3820
16067 5206
1607 3330
16084 5220
16094 6839
16101 6748
16108 2177
1611 3039
16116 3996
16131 4382
16146 5899
16189 1069
16190 199
16191 3926
16202 3285
16208 4027
16210 3321
16219 5682
16226 1991
1624 4373
16243 622
1626 2231
16261 2939
16267 1086
16282 2118
16286 1958
16289 6815
16296 1762
16301 69
1631 6506
16311 4990
16317 6669
1632 6869
16338 215
1636 1324
16365 28
16381 2028
16395 6093
16403 2963
16405 6991
16429 6586
16433 5272
16434 4385
16466 4971
16473 5384
16478 5054
16498 6899
16499 2258
16510 2373
16513 6377
16561 4841
16564 1658
16578 3969
16610 2921
16614 6594
16615 178
16621 446
16631 3748
16632 4044
16674 5189
16679 280
1668 3368
16700 6692
16709 2506
16723 6099
1673 102
16731 6373
1674 3075
16776 3551
16815 837
1684 6540
16856 2076
16873 3268
16882 2853
16884 262
16888 2228
16897 1219
16907 3158
16955 6925
16971 5430
16974 5983
16990 3860
17005 351
17028 115
17036 2257
17037 6135
17038 3756
17043 6446
17053 6208
17066 4490
17094 644
17106 878
1711 364
17134 11
17136 243
17150 3314
17158 6101
1716 2121
17180 4593
17182 24
17184 81
17197 2788
17201 375
17203 5214
17211 2798
17245 698
17247 1530
1725 129
17256 1082
17259 2847
17261 6309
17263 692
17276 225
17284 3786
17300 6219
17314 927
17316 6359
17322 86
17328 3129
17346 3005
17347 2205
17350 597
17372 3192
17378 6766
17388 2026
17399 105
1741 6357
17415 6427
17461 5764
17482 972
1753 1553
17531 5212
1755 1116
17610 3571
17613 6847
17616 2097
17621 701
17625 1536
1763 5857
17641 3348
17647 1971
17650 2007
17664 6585
17672 1882
17674 6693
17679 1092
17696 549
17707 1371
17710 6682
17711 6874
17717 413
17726 1565
17769 898
17799 4890
17842 418
17846 6929
17865 81
17869 2022
17887 488
17895 6385
1792 5270
1793 1552
17936 6619
17954 3979
17959 979
1797 41
17985 5856
17986 1604
180 4542
18001 4336
18010 507
1802 1323
18026 3089
18054 5023
18056 2017
18101 5929
18113 1087
18127 2051
18130 6961
18134 6752
1814 2578
18145 6
18176 2452
18185 2319
18186 277
1819 187
18209 5826
18217 1205
18219 420
18221 1
18252 857
18279 2613
18282 3636
18292 6388
18295 2526
1830 3342
18303 1100
18306 242
1831 4597
18313 92
18321 2897
18327 377
18328 6384
18346 1307
18351 3746
18353 0
18372 2430
18373 623
18384 6644
1839 1214
18399 443
18407 3867
1843 3679
18433 1182
18440 3921
18464 74
18469 4049
1847 4447
18479 3476
18491 1281
18513 130
18567 2539
18568 880
18585 5841
1861 1696
18612 3339
18617 2218
18619 5153
18622 3336
18656 216
18660 2229
18677 205
18704 1544
18706 3350
18708 6055
18714 5085
18743 3726
18822 3066
18826 2379
18829 6781
18835 6665
18863 3586
18876 5634
18879 1328
18885 2544
1889 2345
18890 5434
18902 4566
18918 2046
18923 1099
18940 3772
18959 4632
18962 2767
18964 5835
18978 4629
18980 315
18987 2071
18988 81
18997 6994
19005 995
19008 3189
19011 4812
19040 127
19056 1989
19063 3424
19113 6671
19139 2530
19145 6285
19190 2890
19194 6727
19200 6880
19202 3100
19205 1650
1921 6747
19215 6533
19239 2577
19247 4060
19248 2358
19262 5461
19278 5441
19286 1104
19295 6312
19296 1835
19307 4627
19313 4050
19318 6387
19321 1645
19332 6873
19336 3104
19341 4020
19399 5422
1940 3886
19403 2264
19419 4855
1942 2215
19431 1863
19443 2984
19447 1106
19448 5296
19455 5318
19462 6158
19469 6955
19471 42
19476 2456
19484 5285
19485 1640
19492 5730
19493 672
19495 6793
19498 3072
19508 170
19509 154
19579 3903
19608 3478
19618 6328
19645 3568
19648 3874
19698 4630
19704 2191
19705 296
19710 1605
19712 1559
19736 115
19738 5414
19741 5774
1978 1903
19780 2901
19794 1725
198 1933
19814 14
1982 1571
19854 630
19857 5463
19860 2818
19881 2069
19883 2581
19900 3543
19918 1433
19921 3305
19929 71
19930 6962
19932 5963
1994 102
19946 6117
19968 4101
19970 27
19971 189
19991 2525
19993 4827
20013 2516
20018 440
20027 1904
20049 3096
20053 4953
20056 4991
20067 686
20083 2657
20102 2087
20105 4881
20109 5881
20140 1147
20146 6826
20150 4080
20151 3126
20157 459
20169 2275
20179 5317
20184 3125
20201 6350
20203 5482
20209 167
20225 208
20230 2053
20231 2211
20246 5438
20256 3712
20299 3171
20304 1179
20305 4126
20348 1113
20354 3398
20357 1169
20362 2607
20372 1326
20374 4577
20381 6265
20398 5541
2041 946
20414 2091
2043 925
20437 6108
20448 6220
20465 1524
20466 3632
20467 6046
20474 4377
20475 3994
20480 1319
20489 740
20490 2387
20493 5167
20495 3519
20511 2014
20558 4551
2056 1257
20568 825
20574 2279
20577 18
20581 5041
20599 5471
206 1255
20600 4614
20624 2444
20627 5160
20639 4138
20650 2350
20658 2673
20683 4649
20697 6361
20698 1671
20709 6652
2075 2587
20766 2527
20776 50
20786 3766
20810 266
20815 4323
20820 4320
20826 2440
20834 5603
20835 5635
20860 5651
20862 3251
20868 4996
20880 93
20897 5957
20898 4690
20904 146
20925 1075
20938 0
20939 5271
20954 1506
20978 928
20979 1948
21000 5895
21001 1772
21002 182
21010 4888
21017 2981
21019 2119
21025 978
21079 3224
21080 5737
21089 1457
21114 3955
21132 3111
2114 3923
21153 4845
21157 2
21172 2234
21175 1501
21182 1699
21185 4659
21189 6410
21206 5669
21216 5932
2122 4034
21280 2734
21308 1929
21322 4642
21355 4066
21371 2561
21382 5378
21386 351
21390 3078
21433 47
21441 5866
21456 6664
21458 2884
21461 6382
21468 102
21473 2132
21488 3836
21500 6628
21517 2157
21521 3904
21528 3140
21533 6413
21544 6365
21559 2849
21560 4688
21571 2965
21572 2140
21585 1148
21591 2887
21593 926
21676 1339
21685 1874
21688 2400
21702 274
21707 3302
2175 1637
21758 5748
21767 1165
21774 2070
21787 5216
21796 6192
21801 44
21836 6833
21837 3812
2184 4139
21847 6947
21851 49
21858 6658
21861 6442
21888 1481
21921 1197
21967 78
21970 3767
21972 4246
21998 1521
22 3020
22015 1269
22029 3822
2210 6282
22100 3992
22105 3118
22137 3050
22151 5436
22154 127
2216 1859
22165 4197
22168 67
2217 10
22177 2324
22203 6207
22204 2077
22209 3902
22220 4751
22236 2086
22248 6535
22259 96
22279 5538
22313 996
2232 1107
22320 561
22322 6142
22339 2877
2235 4960
22351 1956
22355 517
22360 2163
22370 2367
22388 2477
22390 3455
2242 2066
22420 1934
22434 1162
22454 2385
22461 1528
22463 4470
2247 3506
22505 3120
22506 3388
22517 3336
22541 4611
22544 2700
22548 5641
22557 2891
22564 947
22598 4764
22601 4931
22623 864
22634 4568
22638 2701
22641 3430
22670 2264
22671 6336
22686 5289
22694 479
22719 5376
22720 3261
22724 3503
22748 1607
22756 1304
22763 7
22766 99
22787 756
22791 1695
22811 5636
22812 5241
22831 2038
22834 5326
22836 3146
22843 5697
22851 3151
22855 386
22863 6314
22871 3415
22873 1577
22880 270
22910 2029
22924 5638
22945 180
22954 2224
22963 1968
22970 1105
22991 3145
22997 232
2300 4093
23022 6375
2303 1011
23046 2839
23057 2404
23061 2233
23071 6575
23080 2190
23098 5429
23103 926
2311 4149
23116 5425
23117 3014
2313 2302
23152 6227
23153 5505
23172 0
23184 195
23187 3893
23189 1950
23215 2111
23226 6583
23230 5139
23237 2222
23241 906
2325 3639
23253 2874
23260 2220
23276 2945
23283 6567
233 2877
23303 1341
23337 4635
23338 5616
23340 2184
23342 5674
23358 5410
23376 5752
23381 5934
23383 4967
23389 5095
23422 1390
23427 235
23439 4913
23442 3644
23455 4295
23471 2668
23482 5164
23485 3730
23498 2165
23501 5339
23504 2429
23516 441
23523 7
23538 383
23539 195
23553 16
2356 6128
23566 5355
2357 84
23573 1700
23585 3631
2359 899
23623 1500
23624 5940
23631 1117
23634 2368
23638 1960
23644 4784
23657 3453
23675 2390
23694 661
2370 852
2371 4639
2372 743
23721 5934
23722 2896
23729 17
23732 1756
23753 24
23796 1486
238 125
2381 5642
23822 304
23830 3090
23835 1936
2384 3647
2385 643
23906 2938
23914 1877
23939 3982
2396 3284
23983 2023
23999 1710
24015 5201
24030 3522
24039 1096
24043 876
24053 4668
24069 3985
24075 137
24084 2185
24087 2128
24103 3449
24106 4224
24114 4664
24118 6846
24122 4932
24140 5632
24143 1388
24146 3690
24165 548
24184 3909
2419 70
24198 5791
24201 3106
24210 6122
24228 760
24242 4144
24245 928
24251 773
24257 47
24278 5314
2428 1447
24294 222
24297 2424
24302 3364
24307 1076
24316 6832
24325 3888
24326 2
2439 3395
2440 3587
24400 2862
24403 2809
24405 6743
24407 2061
24409 7
24411 3564
24422 5922
24438 5450
2445 562
24454 1845
24464 5585
24484 3008
24530 1708
24541 3806
24548 3670
24565 2012
24569 881
24589 26
24593 4533
24615 4441
24616 35
24632 4398
24640 835
24663 1747
24679 6390
2468 1534
24684 41
24705 4628
24706 55
24731 2199
24760 6935
24771 1133
24791 4469
248 6605
24801 3316
24815 6461
24827 2342
24828 26
24838 3159
24843 2674
2488 2944
24888 2168
24889 2298
24935 6746
24952 4681
250 6995
2500 5452
25001 2182
25019 2619
25032 2410
25047 4713
25054 2068
25065 1592
25066 3736
25077 5718
25085 5968
25102 54
25119 6894
25130 7
25145 1176
25169 3919
25175 3835
25176 5325
25189 1698
25190 3204
25213 253
25220 1880
25227 4578
25294 4648
25316 2392
25318 3784
25323 3830
25327 6254
25329 4148
25336 5448
25338 1696
25347 5749
25368 762
25379 2256
25381 3448
25385 2303
25390 2433
25419 86
25438 3731
25441 2135
25457 5660
2546 6275
25472 1733
25475 3124
25485 5709
25490 4866
25516 2042
25518 3775
25529 1447
25535 124
2556 3166
25566 2453
25572 75
25576 1898
25577 1093
25581 6695
25600 6337
25603 6765
25630 3840
25660 6673
25674 1785
25678 5854
25680 452
25694 1311
25702 378
25706 3180
25707 3367
25728 1589
25730 5765
25741 6339
25745 3276
2575 4947
25764 2280
2577 4631
25777 5367
25779 1479
25780 6845
25790 2223
25791 2406
25794 2996
25808 2626
2581 5300
25832 6997
2584 2899
25855 3719
25857 1140
25858 2960
25860 1072
25876 5346
25886 556
25909 213
25910 4954
25926 140
25928 865
2593 6066
25931 1150
2595 2774
26000 4687
26008 3418
26024 2521
26049 1731
26055 6050
26101 2335
26108 6930
26110 84
26123 4545
26128 3703
26129 6443
26130 627
26153 1226
26154 1254
26189 3908
26194 6186
26199 18
26203 1552
26207 26
26215 4709
26225 2203
26229 1970
26269 46
26274 6830
26286 4171
26313 6972
26319 6857
26335 2645
26348 5938
26360 3743
26398 5689
26407 2300
26410 6799
26411 1135
26425 1409
2643 2219
26431 6269
26434 1535
26465 361
26468 2892
26484 158
26486 6171
26507 6
26509 218
26527 1080
26529 1928
26547 1145
26572 164
26581 1395
26585 288
26589 4786
26590 4667
266 901
26608 2919
26635 6834
26654 775
26678 267
26683 5726
26698 343
26724 3539
26728 2749
26736 3664
26747 1306
26748 3045
26762 2959
26798 6943
26802 2082
26805 2615
26813 4153
26819 4534
2683 2157
26837 4134
26845 1033
26852 4670
26866 160
26870 69
26874 3671
26895 2171
26897 3464
26912 2270
26921 2570
26983 3899
26991 6335
27016 3891
27028 5792
27061 2808
27070 52
27088 3032
27096 5288
27137 2232
27144 1513
27159 3749
27160 1709
27176 646
2718 4532
27188 6638
27191 5404
27197 2647
27199 4386
27229 6780
2723 6174
27244 6561
27251 3526
27253 545
27257 1250
27259 3127
27262 2308
27289 2173
27316 1729
27319 6736
2732 923
27353 5007
27385 1912
27408 1397
27416 5614
27420 538
27422 1932
27473 2550
27477 68
27493 2986
2751 680
27512 6909
27516 4865
2752 68
27531 2905
2754 3451
27571 2055
27577 5662
27579 2227
27591 4894
27597 1311
276 81
27603 3388
27612 4158
27622 6852
27646 1453
27651 189
2766 6068
27670 6582
2770 1592
27706 3151
27707 2995
27714 4916
27718 2677
27742 1897
27748 4849
27758 2805
27769 3429
27783 4886
27787 3337
27790 2515
27811 693
27838 4414
27842 4950
27844 3859
27845 4085
27854 1451
27855 5014
27857 5880
27880 2624
27901 563
27903 1185
27914 4030
2792 491
27932 6595
27933 688
27934 2344
27941 5222
27945 4720
27950 755
27958 1554
28021 3686
28025 6835
28032 0
28042 6952
28049 4169
2805 3097
28068 2425
28084 2355
28087 6964
28094 1292
28102 2868
2811 3692
28120 16
28133 1808
28137 134
2814 244
28148 4771
28151 6726
28158 24
28160 995
28176 3861
2818 2106
28197 1586
28235 5694
2824 3056
28249 5015
28272 3813
28294 917
28323 2024
2833 6660
28330 1812
28339 4114
28343 3414
28345 202
28347 6612
28374 6609
28385 3225
28387 555
28402 29
28406 139
28418 3792
2842 4580
28454 6354
28465 3990
28468 3185
28497 1418
28514 6590
28518 5637
28544 3101
2855 569
28558 124
28563 19
28564 5786
2859 6370
2860 1863
28612 990
28614 1435
28617 1684
2862 2064
28637 4061
28654 3925
28658 3435
28668 971
2867 4750
28672 5526
28697 6981
28711 5584
28714 492
28723 5311
28726 4725
28740 5209
28748 2085
2876 863
28799 3470
28804 6694
28825 2015
28829 5911
28837 5676
28839 4069
28878 5065
28882 4402
28883 5943
28889 2149
28896 2107
28897 3905
2890 2395
28940 2449
28941 231
28942 5809
29011 3334
29012 1667
29016 2977
2902 2485
29027 599
29032 3667
29034 2844
2904 342
29040 5101
29045 2261
29050 2146
29062 4637
29067 6993
29083 2059
29085 902
29090 6187
2911 2466
29128 641
29143 5152
29155 1896
29168 3542
29174 201
29194 696
29198 2353
29209 1070
29219 776
29229 5655
29253 667
29258 18
29294 1489
2930 6215
29312 1359
29340 6439
29344 4840
29346 173
29373 6083
29379 2951
29385 5219
29412 3044
29434 2857
29439 6201
29458 4332
29476 255
29498 5049
29507 176
2952 2917
29535 3655
29554 3475
29563 3565
29564 6223
29565 2997
29566 592
29578 4013
29591 4778
29626 2543
2963 4018
29641 1644
29649 5
2967 5338
29671 1928
29690 2850
29723 6841
29728 2962
29730 5808
29734 770
29739 6368
29759 1864
29762 3777
29765 6897
29777 1484
29780 1622
29781 4100
29793 160
29800 573
29803 3450
29805 5739
29806 4612
29811 6692
29817 1024
2982 1256
29831 280
29835 6
29839 6242
2984 65
29866 3714
29893 1274
29894 4643
29916 3495
29926 1198
29963 1073
29969 151
30034 6071
3009 4791
30105 6297
30125 6510
30129 5233
30143 1507
30154 27
30166 5623
30192 2318
30199 717
30216 4969
30219 2375
30235 1553
30245 5491
30251 1957
30285 3956
30292 2920
30293 2328
30294 3452
3032 2878
30322 212
30323 2268
30337 3183
30340 3580
30343 4620
30347 2334
30354 469
30393 3804
30394 3363
304 174
30403 1155
30416 6800
30436 1550
30445 4852
30448 1372
30449 2965
30453 6194
30482 2486
30487 4880
30497 6937
30506 192
30512 2260
30520 2829
30521 454
30535 3244
30545 1050
3056 958
30564 6266
30568 3205
30570 6225
30587 5252
3059 206
30603 2321
30618 4622
30621 4626
30640 117
30642 1976
30647 3648
30655 631
30658 0
3066 3403
30668 1736
30673 6251
30679 6778
30688 1248
30693 3200
30715 3814
30740 2558
30743 3240
30745 3117
30749 1187
30809 3028
30813 1139
30832 3387
30865 2967
30924 5797
30926 2888
30928 5621
30942 2002
30963 1169
30965 3501
30981 3186
30997 3309
31007 2815
31012 2217
31015 2729
31034 2504
31036 2431
31065 6507
31087 5803
31090 115
31102 3315
31112 2955
31117 3999
31119 5443
31122 892
31125 2
31136 2593
31143 37
31148 5830
3118 5615
3122 3335
31237 2778
31246 5572
31262 6882
31286 6776
31287 6343
3129 5768
31297 34
3130 3112
31306 3983
31310 5331
31354 1431
3137 6626
31380 2
31394 761
3140 2608
31407 4132
31409 4746
31415 1952
31416 6113
31424 6143
31460 3676
31462 1786
31464 6601
31481 5199
31483 2893
31491 6829
31493 81
31499 6517
31500 6969
31507 2873
31516 4682
31531 552
31546 4621
31568 4141
31575 5473
31586 5692
31598 2243
3160 749
31600 6941
31604 3721
31618 1153
3162 4685
31626 5092
3168 4276
31688 2412
3169 2907
31690 1291
31711 5336
31712 1872
3172 2101
31742 6893
31747 6268
31767 3723
31769 2814
31799 4684
31804 3489
31813 71
31819 3142
31834 4998
3185 5823
31850 4952
31855 2642
31865 3310
31866 3694
3187 6272
31873 1925
31907 6797
31909 5200
31914 5442
31922 3388
31927 53
31935 3643
31937 108
31948 5634
31955 4573
31958 5861
31963 2220
31964 965
31986 6332
31987 900
31995 4166
3202 1520
32030 635
32059 3548
32064 3246
32068 5738
32104 3009
3211 1984
32115 3950
32122 132
32123 1212
32144 679
32155 1068
32175 51
32195 4911
32198 1508
32203 3744
32219 727
32245 188
32261 3735
32263 1796
32275 147
32283 5521
32288 3193
32289 1940
32300 3698
32302 3620
32304 214
32311 2882
3232 2950
32328 4770
3233 5976
32351 7
32357 6341
32367 3546
32380 2333
32403 3844
32424 6918
3243 2860
32438 1243
32455 3295
32471 2833
32484 1898
325 190
32504 5102
32521 2074
32523 710
32551 6125
32553 6703
32567 1901
32574 6904
32581 4151
32587 6783
326 4298
32605 916
32614 1541
32627 6870
32639 1713
32647 2306
32665 1049
32667 183
32672 5366
32684 2442
32689 4424
32693 6811
32699 3038
32705 4819
32723 5606
32728 3280
32734 1937
32739 476
32747 2021
32749 841
32751 3592
32768 5488
3277 1909
32773 875
32794 2200
32795 2837
328 77
32805 261
32808 5234
32813 0
3282 3706
32847 1087
32863 3771
32865 1926
32867 6934
3287 301
32873 5572
3292 5814
32924 2394
3294 3061
32957 3856
32965 5337
3299 5649
32998 161
32999 4753
330 3688
33008 653
33029 4691
33058 1159
33070 1889
33071 6552
33077 2067
33078 194
33092 3842
33096 3080
33101 5261
33132 1724
33148 2116
33153 5487
33170 336
33181 5459
33182 1244
33220 2055
33261 5440
33266 3757
33280 1899
33287 1861
3330 2148
33302 2912
33324 3076
33338 465
33340 3640
33350 3228
33353 2016
33366 4944
3337 6923
33386 2499
33390 747
33398 970
33416 1798
33427 5620
33431 6252
33439 1334
33443 3193
33450 21
33467 1728
33480 1940
33489 6270
33499 2223
33501 4859
33514 2494
33517 5445
33520 3382
33543 1860
3355 1079
33556 1337
33561 5628
33562 4712
33565 1575
33567 381
33570 3566
33601 6267
33604 6966
3362 75
33649 3742
33663 429
33673 6882
33674 324
33680 3167
33684 317
33714 3937
33720 3828
33721 2934
3374 4692
33767 2966
33773 6313
33776 2364
33777 6261
33781 2463
3379 6914
33806 3438
33834 2031
33848 373
33855 5548
33867 3770
3387 72
33873 6330
33876 4729
33879 3001
3391 4867
33934 5470
33942 349
33954 1846
33965 6057
33968 2372
33974 3637
3399 221
33996 3459
34026 771
34048 3914
34049 3834
34062 5955
34065 1450
34069 5132
34096 3444
34102 4779
34120 223
34131 3054
34134 5668
34140 82
34159 6224
34166 4974
34220 6214
34238 3071
34247 3892
34259 3213
34289 6670
34311 4535
34340 3394
34342 1010
34343 3517
34356 6660
34379 4419
34380 220
34396 5617
34402 2065
34404 30
34422 1119
34430 6989
34448 1302
34476 6701
34477 2953
34481 5213
3449 909
34491 3654
345 5136
3450 5661
34501 5402
34513 20
34560 2480
34567 1095
34570 144
34575 4770
34586 1693
346 754
34601 1987
34607 150
34611 5406
34638 5084
34639 3946
34671 6709
34679 2670
3469 4801
34697 2276
34705 5483
34710 2255
34738 2005
3474 3412
34757 2662
34780 883
348 2483
34817 2213
34848 1809
34867 239
34893 606
34896 6622
34900 102
3495 427
34950 1081
34958 2933
34972 4768
34976 1856
34977 4956
35003 445
35008 3623
35019 278
35026 2872
35035 2589
35036 1804
35037 3355
35043 36
35048 3445
35051 3544
35055 4728
35071 6868
35095 1454
35100 3897
35119 294
35133 35
35144 2013
35146 6191
35189 0
35192 3047
35193 3505
35195 537
35196 6842
35216 17
35235 767
35241 1017
35256 123
35280 3811
35299 6218
35302 21
35304 1047
35314 5400
35317 3634
35348 886
35357 642
35372 5021
35374 3932
35412 2093
35417 3420
35439 5687
35460 831
35461 3717
35463 5706
35470 5593
35488 2975
35499 2663
35504 4434
35510 331
35523 2596
35536 5604
35542 3753
35543 6281
35564 6389
35568 280
35597 632
35609 3208
35617 2806
35654 3163
35656 3147
35664 6237
35672 1005
35688 2156
35714 1739
35721 6168
35729 5172
35731 4945
35765 1285
35776 6639
35792 2928
35819 5329
35821 1722
35835 6751
35860 2164
35866 2688
35879 3384
35892 5441
35904 1313
35949 539
35952 2859
35953 3378
35954 725
35964 4432
35977 3274
35985 6957
35986 58
3600 5354
36003 6313
36014 3876
36046 4876
36062 4983
36065 2458
36097 838
36098 102
361 3853
36104 7
36148 2990
36152 5211
36158 2507
36171 4673
36198 6613
36207 1780
36224 4421
36235 293
36237 6295
36261 6903
3628 758
3629 973
36321 6049
36352 2865
36385 6134
36387 2576
36392 3183
36396 2090
36432 5613
36438 3278
36455 5766
36458 4540
3649 2826
36517 3329
36548 1001
3656 4303
36564 4898
36567 10
36570 3245
36576 834
36580 919
36584 2048
36589 2343
36591 2181
36596 3953
36597 1241
36602 3583
36623 6872
36625 1965
36648 366
36662 69
36673 2004
36691 5145
36701 2751
36719 2926
36736 2952
36738 1557
36748 6302
36752 2010
36756 3696
36760 1428
36761 5912
36767 6865
36775 3293
36814 3498
36829 3000
3684 3070
36881 6588
369 4290
36921 3733
36940 2040
36949 1516
36953 3010
36963 5431
36974 6604
36998 1356
37012 3115
37014 905
37029 3149
37032 246
37052 918
37054 439
37075 5742
37089 3413
37094 6203
37101 2037
37130 902
37135 5708
3715 1118
37164 1152
37175 6418
37182 6908
37190 4554
37193 5449
37203 2741
37226 1177
37243 924
37247 303
37256 5578
37268 5142
37271 2283
37291 4933
3730 6570
37308 376
3732 3229
37331 4686
37341 157
37346 2974
37370 1815
37378 4613
37386 5795
37400 1868
37403 2208
37404 350
37424 4854
37429 5733
37431 3277
37437 163
37440 2284
37442 1824
3745 4321
37450 2322
37478 4544
37482 1503
37485 2167
37491 660
37496 4995
37511 6568
37524 6784
37532 95
37570 3809
37576 6878
37592 91
37598 4915
37603 836
37604 6118
3761 47
37612 5286
37618 1631
37674 5210
37676 5744
37678 2444
37684 1659
37718 275
37725 1242
37757 4895
3776 5650
37784 57
37799 2334
378 2273
37802 735
37817 4844
37823 4923
37829 2445
37830 1514
37833 1445
37843 2493
37861 6200
37863 6884
37876 6630
37909 2869
37915 2858
37918 237
37923 1817
37926 1651
37932 87
37945 3018
37955 1773
3796 3817
37961 6270
37962 1963
37993 3897
38003 3925
3803 1077
38032 6288
38076 3550
38080 6600
38093 584
38099 209
38118 3710
38137 3845
3814 5763
38152 2120
38155 6913
38164 5332
38169 3326
3818 1225
38198 570
3821 17
3822 6169
38242 5633
38248 2034
38250 1569
38263 2188
3827 6239
38272 5602
38279 4201
38293 1862
3830 4653
3831 4892
38315 2030
38347 3686
38361 2045
38369 6921
384 2094
38432 2001
38437 1545
3847 3286
38473 5062
38500 6980
38512 2416
38515 2438
38534 6060
38537 1511
38541 2282
38568 257
38573 2271
38581 6301
38584 2501
38633 3862
38634 4975
38635 3331
38653 1177
38655 882
38660 2110
38666 4082
38668 2634
3867 5705
38696 582
38715 2855
38720 3596
38751 5019
38759 226
38773 259
38793 6195
38796 2902
38801 6618
38820 159
3883 2462
38840 6753
38843 3347
38851 1294
38863 1392
3887 2972
38871 2971
38873 2299
3889 3043
38890 898
38894 2418
38895 2035
38922 5018
38925 4541
38933 625
38950 1608
3896 2855
39000 3485
39004 2175
39014 0
39017 81
39020 19
39026 124
39029 2239
39036 6106
39040 2198
39047 212
39059 893
39075 1163
39082 6074
3911 4641
39144 1844
39146 5592
3915 1449
39152 2020
39155 2361
39158 2832
39159 4161
39178 4119
39183 2669
39195 6740
39214 174
39223 1175
39229 795
39232 2876
39233 1656
39252 2349
3927 2041
39276 3215
39277 3704
3929 6066
39293 5377
39307 5839
39313 4014
39330 4743
39333 43
39351 4976
39394 4063
39400 959
39406 3847
39419 3063
3944 2781
39441 3423
39451 954
39473 4878
39485 1774
39500 1157
39552 2297
3958 2885
39597 285
396 4055
39603 5423
39641 3958
39652 3633
39673 1638
39675 3135
39678 184
39682 250
39683 2166
39716 91
39747 518
39772 4769
398 5802
39800 6984
39804 2138
39813 4574
39820 3421
39854 1154
39862 6120
39879 2369
39899 6206
39900 4369
39913 5246
39952 3604
39974 332
39975 6906
39988 6052
39990 2906
40004 82
40007 5699
40053 4241
40060 2108
40061 1108
40069 712
40091 3695
40095 1110
40114 5365
4012 2930
4015 1930
40179 3791
40199 2327
40208 5163
40218 4676
40227 6431
40246 1166
40257 6597
40259 2049
40265 1800
4027 3234
40277 344
40288 1959
40290 17
40311 2003
40321 6902
40328 1811
4035 2083
40350 1677
40378 2092
40385 904
40389 3851
40390 1644
40396 4708
40397 3108
40400 6232
40412 621
40429 2957
40455 711
40456 1921
4047 5236
40492 5300
40519 3534
4052 6917
40554 3015
40555 5647
40571 5683
40583 2236
40609 1224
40610 5295
40613 2057
40617 1658
40621 1895
40627 2946
40632 2487
40639 6320
40640 2266
4066 5772
40666 4052
40669 6521
40683 4384
40685 1801
40687 3870
40708 3848
4071 229
40710 632
4072 2943
40734 2967
40744 231
40752 6316
40760 1310
40774 5573
40785 2214
40786 6584
40792 3173
40800 962
40804 1522
40812 3458
40817 6413
40859 5981
40866 1111
40889 1149
40904 3473
40906 4281
40909 5766
40919 449
40924 418
40927 306
40935 3523
40937 6221
40957 99
40979 4229
41000 2054
41015 3976
41038 1572
41063 3977
41080 1465
41088 11
41101 3223
41108 75
41112 1910
41114 6810
41117 1263
41119 1885
41123 4862
41140 1525
41150 239
41151 2290
41153 1813
41173 5162
4120 6371
41210 2063
41213 5871
4122 1331
41226 833
41246 5011
41257 4787
41259 1942
41264 1287
41265 2057
41269 4090
41271 4717
41277 3479
41294 5038
41316 5619
41328 4693
41333 2325
41338 3468
41347 3725
41356 5428
41375 3179
41382 2842
41398 666
41427 3232
41439 2295
41442 753
41461 4736
41465 1548
41474 2207
41487 639
41498 6279
41499 16
41504 4844
41515 6381
4157 2772
41582 4263
41586 5980
41595 2366
41596 645
41626 6849
4163 4046
41650 333
41655 966
41660 3057
41666 3868
41684 2073
41699 3004
41715 2398
41718 4936
41734 3404
41758 2968
4177 5690
41774 308
41775 1192
41805 5776
41821 3525
41825 1014
41850 1336
41851 2159
41856 6614
41872 1122
41874 6205
41902 5085
41931 5009
41935 891
41938 177
41949 2921
41950 5612
41954 3102
41956 4662
41957 2545
41960 3819
41987 1533
41990 1714
41995 1478
420 2922
42006 3646
42011 6405
42015 1517
42016 502
42038 5347
4204 593
42049 853
42068 2831
42096 1686
42098 293
42099 1326
42103 6352
42106 2277
42122 6243
42128 2018
4213 3825
4215 1156
42150 2323
42158 3741
42166 887
42187 903
42189 300
42204 3239
42222 3816
42250 5017
42251 6643
42263 4407
42273 145
42294 6362
4230 2555
42307 2528
42322 2130
42323 3499
4234 1794
42345 4275
42360 6196
42398 1801
42405 6804
42409 5618
4243 1083
42430 4776
4248 6855
42480 5760
42486 950
42495 2337
42496 6523
42497 200
42517 4654
42560 3311
42563 5601
42566 2898
42595 3026
42601 6838
42604 3515
42617 3210
4264 1981
42644 3708
4266 5758
42678 76
42716 5908
42723 3114
42724 3243
42732 1434
42802 2627
4282 3724
42830 3839
42836 1715
42855 3678
42878 897
42903 6817
4291 2312
42911 1095
42917 4890
42925 738
42934 33
42937 6801
42942 6959
4300 1004
43002 2208
43007 362
4301 3763
43020 2534
43021 855
43024 3123
43058 2136
43076 2313
43093 1537
43097 1319
43099 4075
43108 1821
43116 6738
43127 1047
43134 2675
43135 6987
43151 419
43154 2531
43157 958
43165 3235
4318 1091
43181 6706
43183 6861
43197 6404
43202 3651
43214 2036
43229 1295
43245 3042
43259 3164
43260 3196
43274 1054
43289 3178
43295 3023
43300 3794
43302 6179
43308 1260
43334 639
43339 417
43341 2834
43356 2851
43384 3081
43396 2206
4340 5208
43405 2089
43417 6683
43437 276
43446 4768
43449 1881
43470 100
4348 6896
43513 4753
43517 6211
43527 2347
43528 1732
43555 3366
43562 5939
43576 4689
43594 3941
43613 7000
43621 5820
43627 3653
43634 4064
43671 2
43678 1974
43689 3105
43693 2490
43699 265
43700 6627
43710 6280
43721 1303
43725 3082
43745 362
43747 2450
43757 1911
43769 1573
43771 4640
43775 2246
43782 1863
43785 5411
43804 2470
43805 581
43832 30
43842 31
43861 4615
43863 2523
43867 583
43873 5657
43896 4683
43903 426
43908 2502
43911 2827
4392 2027
43937 3048
4395 6198
43953 1446
43963 1641
43964 4948
43986 5666
43992 1863
43994 1902
43997 3922
44010 163
44024 3069
44036 578
4405 4376
44051 4124
44059 1097
44060 6901
44062 638
44075 6656
44077 590
4408 5312
44088 1669
44124 19
44140 6509
44143 2497
44147 1662
4415 5579
44181 960
44190 89
44197 2983
442 5831
44208 1127
44261 1923
44289 1935
44299 5630
44304 3016
44310 1616
44311 2629
44324 4032
4435 6759
44355 5920
44358 316
44363 2900
44376 217
44377 3503
44383 81
44394 2382
44397 3665
444 1429
44404 6103
44414 3673
44418 3900
44428 5401
4443 3257
4445 2789
44483 6054
4449 4016
44578 1895
44593 1308
44597 1832
4462 2875
44648 6512
44713 53
44746 1585
44752 5785
44758 447
44760 2816
44770 6324
44784 2235
44793 5710
44798 1000
4480 2802
4481 4875
44832 3755
44837 6249
44848 13
44857 4843
44862 123
44863 4842
44889 4661
44894 152
44916 1603
44924 1820
44941 504
44957 6185
44998 3188
45005 540
45007 3780
45018 5103
45047 3340
45071 2461
45080 2124
45094 5375
45109 2942
45125 325
45131 768
45148 4986
45155 1387
45162 6234
45176 4125
45192 1706
45194 4765
45223 81
45227 3987
45228 6742
45236 2147
45266 1567
45343 1523
45351 5680
45372 2304
45395 5018
45396 4538
45399 2249
45403 1867
45431 4609
45437 5217
45438 3206
45440 2836
45444 993
4545 2456
45453 46
45457 332
45468 1906
4547 6190
45510 3529
45512 676
45515 2036
45530 4325
45538 5677
45545 2989
45555 2712
45637 6374
45653 6114
45666 5801
45677 5639
4568 3203
45687 4094
45700 3901
45706 4369
45717 2161
45723 143
45726 1980
45736 6559
45742 626
45743 6473
45753 61
45795 900
45797 6321
45835 2122
45838 6625
45840 1724
45842 6123
45846 5897
45854 958
45863 1141
45871 1718
45882 593
45888 5091
45911 5409
45913 2881
45914 6100
45925 6711
45930 2970
4596 1234
45966 6292
4599 6263
45990 6687
45999 2193
46 311
46012 3768
46022 4267
46056 3657
46080 1626
46083 1519
46084 3109
46085 4003
46092 1309
461 389
46114 2572
46134 1953
46135 5909
46166 6407
46169 1549
46218 5575
46235 5348
46236 2413
46238 3
4627 915
46288 66
46314 6177
46317 1538
46342 1908
46357 1625
46377 236
46383 5855
46391 263
46397 765
464 444
46408 1171
46416 2911
46419 3318
46425 6770
46443 6329
46448 936
4645 1071
46454 5761
4646 6854
46469 4329
4647 1876
46470 2419
46486 6409
46488 3060
4650 1158
46505 6698
46524 3869
46536 455
46575 4189
46587 1195
46588 1329
4660 1720
46607 5610
46614 1810
46637 6258
46648 1323
46657 6
46658 1531
46663 4704
46677 3307
46679 2540
46706 12
4671 169
46711 3221
46715 3716
46729 2472
46737 2987
46743 1691
46750 5788
46766 5902
4677 6686
46777 4994
46782 2773
46818 6920
46832 1442
46839 4572
46845 1744
46846 2137
46849 3595
46901 894
46910 2428
46913 3401
46914 5685
46923 6650
46934 6119
46939 5228
46940 4727
46955 4436
46965 4086
46970 6699
46971 4310
46998 3963
46999 2378
47006 1792
47007 1590
47033 4885
47038 2532
47065 4860
47066 2309
47086 3436
47096 6393
47099 6744
47110 3672
47121 4780
47133 3262
47139 3033
47151 3360
47167 1264
47184 3373
47195 2356
47200 659
47215 1663
47217 967
47226 5157
4723 5412
47234 3036
47265 180
47312 4656
47317 1074
4732 3218
47322 4286
47324 5151
47342 6888
47344 2824
47365 1529
47406 81
47414 7
47427 922
47466 2403
47471 81
47512 5427
47542 474
47561 5512
47598 5688
47622 6283
47641 3338
47674 207
47677 1386
47709 153
47714 186
4772 342
47724 1962
47736 2731
47739 1967
4774 568
47751 3481
47763 3747
47771 596
4778 1947
47780 4292
47789 4949
47798 5082
47800 36
47802 2635
47804 3271
4781 1396
47811 1945
47829 1041
47831 1003
47832 2733
47833 5345
4784 2287
47846 2810
47869 2845
4788 6430
47889 6053
47896 3718
47956 5242
47978 4910
47986 1740
48004 3484
48012 910
48013 1922
48035 5035
48069 454
48101 3965
48106 191
48134 2029
48140 2411
48151 1741
48158 6273
48172 5607
48179 2820
48193 2848
48228 2929
48230 668
48232 5731
48288 5678
48292 1588
48298 3681
48300 1939
48306 1905
48315 5004
48328 5800
48329 844
4833 103
48372 5956
48373 5844
48388 2880
4841 689
48410 5003
48413 2305
48423 254
48428 3324
48432 5532
48438 2315
48466 3927
48467 1716
48477 5599
4848 4669
48486 836
48489 4299
48495 1498
4851 634
48520 235
4854 4415
48556 2630
48566 3177
48571 289
4862 272
48632 269
48634 1125
48638 6718
4864 3391
48649 341
48650 486
48670 2533
4868 1662
48693 6593
48705 132
48747 3409
48768 2170
4877 330
48798 1717
4881 4217
48826 1355
48839 3214
48841 624
48858 4152
48869 3254
48891 1951
4890 4065
48946 45
48997 216
49017 5446
49049 3603
49066 4581
49070 1873
49076 6074
49099 5013
49137 6345
49141 368
49158 1776
4916 68
49179 2786
49205 2511
49207 1490
49232 4226
49245 2208
49249 3419
49258 1854
49260 3134
49261 110
49268 3858
49315 988
49335 2225
49336 80
49339 3477
49341 1252
49343 6006
4936 3161
49391 6308
49400 2969
49410 1802
49417 1791
49425 4873
4944 1288
49445 2439
49456 1973
49457 2836
4949 3642
49501 2908
49515 2618
49519 3752
49520 21
49523 172
49532 3641
49543 633
49544 3408
49551 2050
49579 3531
49582 1142
49616 2113
49620 5477
49623 3803
49636 1240
49647 6843
49688 3372
49695 5349
49710 5237
49727 3006
49735 2238
49775 2993
49798 935
49824 5155
49827 6576
49832 6277
49849 5340
49855 2189
49868 694
49873 5595
49876 3267
49882 189
49918 2117
49919 6649
49931 1197
49950 5874
49952 1733
49953 1239
49962 5686
49977 4666
50003 1518
50005 4850
50012 4282
50022 6648
50042 564
50049 4165
50065 6401
50075 5597
50095 5146
50114 2354
50117 2241
50142 3491
50145 3532
50163 2441
5018 5369
50217 5740
5022 5716
50227 832
50236 83
50270 890
50274 6695
50275 4914
50276 84
50279 6534
50287 4549
50303 6424
50315 5605
50317 241
50322 1124
50328 1253
50334 2348
50342 4902
50352 6403
50356 1249
50362 5224
50367 1430
50372 21
50409 6253
50414 748
50424 279
50426 2894
50429 2201
50432 99
50436 628
50462 1624
50463 3242
50471 5876
50483 1988
50496 6948
50529 5723
50547 4099
50559 3209
50561 6351
5059 3760
50614 1578
50624 2424
50631 1576
50642 2655
50645 2537
50649 2158
50651 571
50656 3883
50665 4579
50685 3906
50692 6933
50702 38
50721 1031
50726 5811
50749 2044
50754 2058
50766 1994
50789 2883
50794 1642
50817 4274
50827 730
50831 3483
50834 1444
50877 3898
5089 3676
5090 1021
50923 1166
50925 24
50926 6110
50954 2294
50956 6723
50967 6271
50985 6713
50995 4113
51010 3055
51049 2880
51062 1027
51072 948
51081 2292
51085 2248
51092 658
5112 3152
51140 3083
51142 3785
51147 5510
51156 1389
51165 5631
51180 5656
51183 724
51185 62
51203 1843
51241 3230
51256 785
5127 3496
51273 3169
51281 5860
51286 1702
51289 13
51295 5137
51305 1986
51308 444
51312 464
51343 782
51415 5207
51455 5
51468 6360
5148 969
51487 2805
515 3256
51514 2614
51517 110
51524 3029
51554 6274
51562 6606
51572 4650
51573 6522
51595 5334
51596 3702
51605 554
51607 596
51616 2126
51640 711
51644 2680
51662 4617
51663 3093
51672 3131
51682 1526
51685 23
51686 2376
51723 2664
51732 5274
51740 2404
51746 6848
5176 2317
51789 5539
51831 1883
5184 2454
51843 3942
51850 6256
51873 4304
51874 2932
51879 951
51880 1961
51881 2994
51884 6875
51911 432
51931 2331
51939 657
51971 4663
51972 1188
51982 5663
51985 3416
52002 2370
52045 3781
5205 5302
52072 2910
52086 888
52090 5847
52096 2565
5210 0
52110 2363
52115 2254
52122 2240
52126 6233
52138 5451
52166 2684
52175 4260
52184 2314
52197 1539
52208 5466
52211 1345
5222 5767
52224 116
52225 4258
52246 3249
52250 912
52255 5667
5226 5702
52266 2835
52283 1398
52290 2194
52317 2821
52332 4868
52339 2179
52350 1560
52382 1360
52384 1452
52393 3116
52409 975
52431 463
5246 662
52463 5658
52470 3380
5248 737
52490 6782
52508 6900
52518 3917
52543 3362
52549 1775
52603 6427
52610 4710
52622 1819
52628 3924
52637 5724
52649 1787
52653 148
52656 175
52657 1459
52662 6121
52666 3728
52678 6213
52683 574
5270 3247
52713 248
52715 766
52719 1067
52727 1079
52734 1869
52758 2481
52770 2460
528 4984
52804 3778
52810 374
52813 5413
52814 1931
5282 2510
52822 6212
52852 3824
52855 2446
52857 3323
52865 5750
52885 1398
52906 7
5291 3562
52914 1350
52923 6805
52927 1795
52939 3776
52968 4553
52988 1316
5303 6651
53030 3952
53042 1863
53049 4160
53055 6968
53080 6241
53087 1735
53089 4558
5309 6045
53091 4163
53100 683
53127 3058
53132 4318
53161 5009
53173 1013
53176 3737
53178 589
53179 258
53218 38
53242 1899
5325 5887
53254 722
53296 1391
53302 4413
53319 6558
5332 1138
53320 4087
53330 5622
53361 3067
53363 3290
53367 2240
53371 3052
53372 1966
53376 4662
53398 3841
53411 4876
53417 1887
53422 4537
53432 6230
53435 6808
53468 3846
53488 386
5350 2032
53508 3658
53514 6785
53521 1789
53533 3266
53552 3656
53562 1358
5357 81
53580 2653
53582 2039
53588 5123
5359 1354
53618 2098
53629 2978
53633 2732
53648 4037
53661 2549
53664 4622
53680 1814
53706 6229
53708 2476
53714 1757
53724 3482
53736 588
53753 2491
53760 3471
53805 4420
53809 1941
53821 86
53839 2529
53846 195
53883 320
53891 2825
53896 5327
53902 4618
53908 6172
53915 2408
53949 3273
53967 2843
53978 1463
53980 1630
53982 0
53993 3890
54019 264
54031 4306
54033 3287
54035 1308
54037 1261
54040 3148
5405 6311
54069 4872
54086 4078
54089 1321
54092 5598
54096 2340
541 2517
54134 5472
5416 690
54160 27
54162 5937
5417 1745
54177 42
54193 3722
54197 1895
54206 6837
54208 2690
54213 2937
54232 684
54236 1872
54242 268
54255 5701
54265 3421
54280 5739
5429 3226
54291 5747
54297 5081
54300 5608
54309 4070
54354 6889
5436 6107
54363 4546
54364 729
54367 4939
5438 4625
54404 5704
54405 3507
54414 3222
54420 5681
54428 1807
54429 1530
54436 6109
54457 879
54471 3024
5448 195
54481 4678
54489 165
54518 677
54561 3027
54599 4959
5461 4624
54610 691
54615 2915
54617 2133
54619 5843
54624 3469
54640 1742
54645 6319
54654 4985
54657 70
54670 3042
54685 1771
5469 3910
54690 2513
54696 908
547 4757
54712 3480
54724 6296
54735 1964
54749 2465
54764 2259
54815 6577
54828 4567
54831 717
54835 2
54838 3390
5485 3132
5486 228
5487 2129
54878 2286
54903 5627
54906 2142
54907 1318
54926 3661
54937 3328
54968 2319
54987 1308
54992 3103
54997 1103
54999 3422
55004 2146
55021 2856
55038 4543
55058 291
55059 2455
55069 3333
55070 2852
55087 636
55098 3618
55110 3291
55132 1955
55142 1954
55147 603
55161 2150
55163 2141
55190 2033
55196 4239
55219 1280
55220 2134
55222 146
55236 2131
5526 5646
55285 3815
55293 1847
55297 1992
55299 307
55302 6372
55312 5518
55321 5146
55332 3022
55335 4097
55351 1102
55362 6979
55364 81
55365 3492
55400 1331
55407 6056
55426 2473
55441 4575
55455 2326
55460 1985
55464 1977
55479 1180
55497 5479
55503 6616
5551 1427
55523 650
55529 5221
55554 4666
55555 2988
5557 1949
55594 3638
55626 5029
55670 5700
55681 27
55696 3074
55703 4871
5571 3774
55717 5020
55718 1041
55726 705
55729 4228
55734 310
55767 1871
55768 2597
55778 5798
55787 2202
55804 1326
55815 6890
55825 229
55839 7
55840 4864
55851 1660
55863 4756
55864 3007
55873 256
55874 283
55878 1251
55889 5913
55903 1999
55915 2722
55921 4940
55945 3800
55947 3614
55948 543
55956 3432
55959 818
55962 4672
55988 5838
56000 379
56009 3073
56018 5322
56021 2722
56028 1393
56048 651
56051 577
56053 4177
56055 2291
56065 6640
56066 3025
56076 3991
56077 4206
56091 3379
561 5850
56108 1913
56111 3838
56120 3843
56152 11
56159 2575
56160 240
56167 3802
56178 4129
56180 2289
56189 1734
56194 6636
56202 3601
56204 6620
56215 3936
56238 3980
56243 6316
56244 3829
56247 5251
56250 1183
56257 3486
56274 146
56277 1220
56287 5816
5629 1875
56301 850
56302 4559
56314 93
5632 2383
56323 6816
56350 6956
56353 4696
56357 2925
5637 3879
56392 3850
56399 1664
56404 2055
56408 5268
56412 2025
56415 1441
56421 298
56445 90
56477 412
56500 159
56521 3938
56549 2949
56554 4294
56559 6821
56588 6303
56608 1194
56611 2595
56617 2409
56626 1890
56639 3191
56647 5148
56674 2421
56684 752
56690 1892
56698 1811
56708 6581
56717 6153
5674 3046
56741 4951
5678 250
56780 6714
56784 1451
5679 2301
56800 260
56802 6786
56811 1536
5684 1540
56898 4813
56909 281
56917 2998
56922 3652
56927 210
56929 2174
56930 3675
56945 1180
56949 5232
56980 2604
56991 2144
56997 5226
57013 3253
57015 2822
57025 5291
57026 3427
57037 2616
57047 4804
57053 3313
57062 2777
57067 2519
57079 6983
57084 234
5711 1587
57112 4846
5712 5316
5713 153
57138 1584
57140 5679
57151 2401
57153 5600
57170 914
5718 3684
57188 436
57206 6632
57211 6126
5722 2049
57222 3388
57223 6136
57232 5727
57239 5140
57244 24
57246 5935
57253 2823
57259 6928
57275 5421
57287 6881
57297 5865
57299 1207
57302 370
57311 3132
57337 1290
57369 2633
57370 587
57371 428
5738 6222
57408 4002
57423 1268
57485 1284
5749 3998
57491 1931
5750 5743
57510 3831
57527 3693
57528 3896
57562 1886
57585 2230
57587 1946
576 648
57607 4028
57610 6139
5763 1448
57669 3895
5767 153
57683 1508
57696 558
57699 5762
577 6895
57707 2052
57729 5416
5774 706
57740 1462
57760 2381
57768 4539
57773 67
57778 2518
57783 1386
57787 647
57795 567
57804 2360
57810 3153
57843 1016
57848 3599
57861 5577
57892 2178
57894 2913
57918 1900
57927 4102
57955 1863
57970 5684
57972 3687
5799 2380
58002 3190
58018 2830
58025 714
58043 6421
58051 2310
58054 2453
58067 6862
58084 3935
58086 1866
58118 896
58126 4655
58133 4559
58135 713
58146 2547
58149 5259
58162 6331
58166 6916
58216 2187
58224 297
58227 1515
58233 1345
58239 3425
58263 6247
58301 2989
58306 5624
58330 5522
58331 1232
58343 721
58361 3823
58377 4754
58382 3139
58384 3713
58385 2374
58388 3035
58390 4149
584 5227
58409 4671
58418 2365
58424 4926
58432 811
58434 5629
5846 980
58462 3561
58479 3682
58494 2520
585 659
5850 4096
58514 3068
58523 1164
58524 6293
58526 2931
58527 1998
58535 4745
58560 2819
58564 3788
58574 2841
58583 5728
58605 2813
58618 4467
58623 3327
58630 5006
58632 6741
58660 1776
58666 1009
58677 3
58682 716
58695 3700
58697 1703
58706 1784
58724 2346
58742 5775
58764 5165
58770 2916
58798 6520
58803 4007
58823 3406
58824 2079
58846 1126
58847 1409
58851 6012
58861 5745
58870 802
58884 1918
58893 5417
58897 295
58899 1480
58900 5308
58932 1769
58967 2923
58978 3849
58992 2415
59029 1497
5903 4403
59037 5174
59038 2285
59058 6954
59067 6298
59077 3108
59083 1412
59106 2440
59110 6663
59111 3079
5912 6828
59135 4061
59138 5891
5914 566
5916 2103
59167 2250
59187 2377
59198 744
59213 156
59223 4857
59227 1109
59231 4442
59232 1305
59242 1990
59247 3227
59278 6366
59280 6633
59326 60
59333 2006
59352 2436
59366 1610
59383 6685
59387 162
59396 3939
59409 4147
5941 467
5943 3662
59436 4979
59439 3359
59465 458
5947 6879
59475 6986
59489 3650
59490 4380
59493 327
59497 2514
59501 3440
59509 5015
59541 2267
59542 49
59543 1177
59553 6209
59597 3711
59614 977
59635 2471
59638 1782
59646 6580
59647 656
59648 3426
5965 2397
59681 5368
59693 252
59694 319
59707 1927
5972 1726
59726 1891
59766 1972
59773 5180
59782 2999
59784 5407
59787 227
59796 3399
59799 890
59800 3818
59825 3241
59827 2396
5983 1455
59840 21
59846 4039
59852 97
59865 6346
59872 3951
59888 420
59895 1094
599 2992
59900 493
59903 2391
59910 1193
59915 3511
59954 4172
59977 3739
59991 5821
6011 1432
6029 3182
603 1333
6034 2703
6040 1498
6052 6241
6062 1588
6071 3037
6080 3002
6084 5751
6089 4961
6095 5418
6108 3012
6114 2000
6134 2263
6137 2399
6146 5381
6169 4848
6170 5026
6172 6867
6179 3351
6197 2176
6216 5691
6260 4392
6275 920
6279 1112
6281 1300
6293 1253
631 3981
6313 4866
6325 110
6331 6907
6357 3065
6362 3289
6385 2536
6424 1799
6426 3779
6442 2947
645 355
646 2879
6497 3443
6499 18
6517 750
6536 299
6550 6862
6552 1524
6558 1230
6570 3087
6593 3275
6601 4680
6603 2104
6604 6291
6628 3567
6639 1146
6645 1297
6646 2982
6655 25
6673 4312
6674 3407
6695 2707
6697 5591
6734 271
6760 3376
6766 6977
678 3176
6780 5782
6795 4619
6806 4647
681 3405
6825 75
6827 3101
6834 4570
6840 1937
6885 3521
6890 3527
69 5046
6912 4091
6939 6992
696 3175
6965 535
6972 5728
6975 5654
6991 5514
701 5643
7014 856
7015 1788
7026 913
7029 125
7040 2432
7056 1878
7063 6629
709 4660
71 5675
710 2423
7116 5254
7121 2160
7131 2958
7148 3715
7171 1568
7181 2828
7184 1012
7206 2524
7215 2669
7216 6204
7235 3217
7238 6599
7243 6074
7248 3442
7251 3207
7253 3226
726 601
7270 661
7294 5756
7301 1258
7307 4142
7308 1474
7315 3922
7330 1061
7334 2496
7339 3502
7342 52
7345 102
7351 1562
7353 3797
736 5220
7363 2420
7371 424
7376 2725
7382 2216
7394 4988
7402 5025
7417 3199
7427 4657
7429 1543
7449 4718
7492 5425
7514 5149
7515 4586
7536 264
7555 2008
7566 2724
7574 575
7576 5842
7582 1938
7586 2639
7633 3547
764 6667
7660 6016
7673 1762
7679 2330
768 6338
7703 1213
771 414
7719 3220
7750 1362
7755 6587
7775 321
7782 6747
7792 2253
7798 5218
7802 1013
7818 5174
7845 2927
7869 1694
7871 4634
7919 1039
7979 1128
7988 2226
8005 3933
8028 4752
8034 3881
8041 1413
8049 3885
8066 4077
8075 3871
8090 1993
8091 1197
81 6600
8101 1896
8107 670
8136 1870
8148 3805
817 3787
8179 6513
8184 5432
8191 2172
8205 3212
8221 6660
8256 6610
8267 2776
8269 88
8274 4021
8290 6193
8299 1151
8306 4354
8313 273
8316 2864
8331 2678
8342 3396
8349 3064
8355 1594
8357 5158
8359 2468
836 69
8364 5736
8388 1473
8399 4692
8424 2489
8442 3796
8486 4735
8495 1436
8502 4760
8504 1621
8520 5486
8523 5294
8531 5493
8539 5535
8566 5215
8567 3539
8581 2443
8591 675
8596 1599
86 1391
8600 2149
8618 674
8621 5273
8635 3975
8638 620
8643 840
8644 3157
865 1920
8654 1143
866 2099
8666 988
8685 1865
8698 2197
8708 963
8714 5439
8715 3283
8733 1704
874 6859
8745 4176
8764 3929
877 3059
8775 6915
8778 4943
878 295
8795 415
8809 961
8810 629
8814 2580
8817 3762
882 5954
883 6260
8835 2553
8842 3021
8854 166
8856 3201
8870 4931
8898 6804
8904 2924
8906 1266
8909 3085
8920 3369
8921 5309
8927 1915
8945 5001
8964 1697
8993 1707
9001 404
9011 3092
903 6115
9042 196
9047 2237
905 3393
9098 4700
9101 2551
9107 5310
9123 2807
9131 3397
9146 5044
917 3417
9184 5601
9190 4817
9204 3233
9218 3837
9221 2711
9242 3216
9246 1192
9251 5644
9260 4280
9264 3098
9266 6378
9271 2737
9277 364
9279 3354
9306 387
9307 2936
9340 5529
9344 5420
9353 3810
9359 1919
9386 3259
9388 81
9416 3677
9419 3928
942 4234
9438 4311
9442 6173
9443 4168
9447 21
9458 4247
9465 5369
9497 81
9520 2660
9571 3197
9584 6306
96 5672
9609 5320
9618 3873
9627 3434
9628 6725
963 50
9637 6189
9651 2456
9653 2903
966 5415
9677 1330
975 4194
9759 974
9772 5670
9773 981
9776 2306
9787 179
9795 5106
9796 598
9817 3626
9831 6210
9842 2195
9858 727
9873 2644
9883 1778
9891 6228
9894 2548
990 3826
9905 2964
9926 5693
995 29
9956 6910
9963 3349
9982 1512
9988 3516
9991 3701
