10007 876
10021 6759
10065 1770
10135 878
10256 3
10271 3138
10285 5404
10307 2216
10313 6581
10364 2851
10421 1890
10468 2271
10471 1863
10527 2130
1053 0
10622 5650
10747 6711
10871 2851
10883 2930
10893 646
10928 2149
10965 2340
11067 255
11082 4
11112 5679
11196 3675
11227 4843
11408 1923
11438 553
11445 2814
11571 0
11581 2852
1160 2226
11604 238
11643 6899
1167 374
11733 2966
11745 3068
11788 3693
1186 1686
11874 5402
11939 1
11986 150
12017 0
12035 2278
12099 333
12101 662
12201 272
12226 1
12242 0
1226 35
12281 3742
12301 2825
1231 6738
12394 3061
12431 2805
12571 1914
12708 1863
1273 1095
12736 301
12754 1907
12772 6189
12800 3206
12815 169
12854 2195
12885 3702
12895 154
12910 2856
12924 1697
13020 2180
13077 677
13117 12
1313 242
13174 1914
13184 5628
13190 854
13273 2209
13297 6706
13316 643
13332 539
13387 2348
13408 7000
13494 5610
135 3677
13532 152
13629 1863
13634 36
13690 3826
13719 1896
1372 6261
13763 698
13790 5641
13869 2899
13949 6590
13965 3290
13987 3021
14108 6915
14135 1068
14192 2149
14219 0
14230 0
14348 18
1440 737
14413 6785
14472 6918
14550 6609
14637 2871
14648 2865
14649 1912
14728 6837
1478 1143
1479 2183
14794 1923
14808 2003
14833 689
14856 2842
14869 1870
14930 1886
14982 2958
1499 690
15019 2851
15032 4627
15046 153
15074 3
15120 1869
15131 2149
152 6588
15208 6736
15295 5603
15484 2176
15487 4
15580 1451
15591 1769
15610 1863
15613 1941
15619 3010
15707 264
15714 2177
15746 6642
15781 1141
1581 2354
15853 3111
15898 3757
159 279
15916 6200
15932 1863
15937 10
15952 1498
1596 3027
15975 5700
15994 3232
16156 3132
16163 2902
16193 5626
16266 124
16296 1078
1634 3636
16346 3109
16385 6934
16386 6918
16394 1863
16401 6925
1646 1863
16489 1911
16491 5285
16614 1863
16618 2134
16714 6896
16799 2895
1681 4614
16822 1922
16838 3072
16852 143
16886 6989
16936 3105
17009 1791
17046 875
17063 2922
17084 2213
17176 6776
17227 1881
17232 654
17247 3324
17253 1453
17257 1076
17289 1863
17304 2842
17424 3670
17425 6793
1744 3109
17481 912
17483 628
17578 878
17579 3056
1759 3670
1760 2958
17611 156
17678 1910
17715 3128
17783 215
17873 2845
17902 36
17923 1118
17996 1502
17997 6897
18067 2908
18093 5697
1817 4613
18196 1863
18252 1863
18302 228
18329 6736
18352 2284
18362 0
18391 6597
18396 3596
18430 1247
18454 226
18558 0
18569 6784
18588 1859
1861 5594
18628 1863
18692 3749
1875 666
18761 271
1878 1863
18795 1520
18898 3649
18967 5595
18970 623
18983 851
1899 10
1902 0
19071 5591
1914 0
19181 3019
19216 647
19270 1451
19341 278
19391 1863
19412 1075
19438 3171
19440 964
19486 0
19512 3318
19544 1770
19566 160
19567 6737
19583 2914
19618 3801
19659 627
1969 0
19695 145
19706 658
19709 3057
19739 1913
19779 1
19808 2824
1981 1863
19821 1863
19867 11
19871 143
20091 55
20135 1771
20136 694
20161 370
20368 4975
20458 1076
20468 1503
20530 818
20634 3000
20669 2850
20671 1863
20701 1863
20749 2954
20766 11
20830 149
20891 14
20971 3787
21047 6169
21060 6924
21173 3066
21235 262
21347 6736
21351 2275
2138 3763
21429 645
21471 18
21509 5408
216 1092
21648 6185
21733 3263
21788 6606
21877 25
21881 1926
21890 6709
21907 1876
21918 1863
21936 3075
21940 1863
21942 212
2202 5084
22078 1863
22084 143
22130 12
22226 0
22232 691
22249 227
22493 3029
22572 2964
22605 1528
22639 2971
22644 876
22652 5683
22671 2931
22673 689
22717 645
228 179
22837 5592
22868 677
22870 227
22946 0
22953 629
22993 373
23003 6902
23012 336
23019 5690
2302 124
23032 1863
23055 22
23058 54
23067 1697
23093 294
23108 2178
2316 15
23183 6604
23202 237
23249 2893
2330 11
23304 220
23346 633
23388 6621
23405 30
23414 4
23426 1106
23454 2878
23563 1455
23568 2206
23580 0
23607 2022
23630 659
23631 653
23656 5146
23657 174
23813 3240
23823 1863
23847 2851
23989 6212
24039 3201
24059 1431
24176 1935
24181 2949
24184 1102
24191 3194
24208 2253
24274 6907
24282 1068
24291 156
24338 3631
24356 3080
24391 2818
24529 1889
2453 2133
24553 642
24602 282
24649 12
24762 3048
24773 705
24785 691
24937 3063
24938 2003
25013 0
25035 2949
25107 2007
25307 1863
25389 2923
25410 7
25497 2130
25599 2844
25611 214
25645 660
25661 680
25684 3010
25689 3114
25772 3
25827 2941
25832 655
2589 2889
25960 3676
26000 2808
26011 261
26012 2948
26031 6583
2606 0
26110 2148
26224 330
26231 164
26244 5309
26274 13
26293 22
26362 886
26368 1071
26370 0
26376 77
26378 1913
26457 3702
26484 2133
26525 361
26542 18
26586 1452
26588 2919
26603 1985
26619 6208
26654 2910
26710 6586
26721 157
26753 1863
26830 0
26861 2918
26922 1863
2697 2224
27003 5208
2705 2810
27054 2892
27113 0
27243 901
27253 10
27257 2806
27263 1863
27272 254
27322 11
27334 6209
27388 267
27399 1863
27412 1076
27468 6605
27481 6901
27490 387
27592 2918
27643 0
27647 30
27697 1863
277 2336
27748 2262
27806 2950
279 5681
27906 1920
27985 6251
28005 26
28025 2016
28059 1863
28063 2858
28072 2904
28103 6612
28106 2285
28112 3033
28134 3686
28157 3044
28248 2879
28278 2149
28285 693
28316 226
28330 5629
28337 3228
2834 267
28381 1958
28390 2805
28409 2134
28449 2932
28529 1877
28546 0
28641 1452
28644 1859
28798 2819
28859 3126
2890 3235
28913 5597
2893 1971
28931 3210
28976 6740
29019 1863
29063 4533
29071 5659
29100 10
292 2149
29202 3064
29263 1076
29386 2943
29408 2807
29436 7
29510 2890
29563 0
2958 151
29603 2840
29635 2778
29797 2286
29804 0
29810 3761
29816 1146
2988 1446
29936 5621
29971 3667
30006 7
30037 1863
30077 1866
30092 6793
30104 6991
30215 714
30265 0
30272 11
30290 60
30300 2977
30339 5146
30465 3632
30489 2825
30494 6923
30514 268
30582 1460
30624 3663
30652 1700
30671 28
30680 0
307 4643
30705 1075
30731 2831
30751 556
30797 3124
3080 636
30806 3014
30818 0
30849 2998
30913 5607
30922 1079
30931 2934
30949 7
30960 6909
30982 2806
31024 3214
31041 2805
31148 2805
31171 317
31212 2825
31233 1142
31234 1448
31276 3700
31329 1860
31335 3043
31338 2838
31348 166
31390 174
31489 3050
31492 1859
31525 6918
31655 2916
31658 1863
31730 5364
31890 1697
31896 42
3199 6933
31992 0
31997 1923
32124 0
32203 6938
32241 651
32242 2976
32273 2896
32323 3164
32346 6228
32401 6781
32413 650
32495 282
32599 5285
32611 2155
32634 620
32668 6633
32784 2150
32810 1077
32867 6214
329 384
32900 1070
32949 11
32995 282
33011 3257
33019 238
3310 5712
3312 6955
33175 1518
33232 1843
33342 341
33390 3721
3342 1117
33429 236
33442 0
33480 6948
33546 259
33550 11
3357 6
33579 703
33588 658
33608 3818
33623 6910
33626 3026
33629 1081
33642 1863
33722 3145
33743 3175
3376 6625
33810 3160
33824 2344
33846 124
33897 6596
3391 222
33917 3
3396 2170
34030 6703
34041 1960
34047 217
34056 6664
34062 2208
34228 3173
34349 6639
34361 2278
34376 2929
34386 2131
34529 1972
34545 3644
34595 3065
34691 6908
34713 6679
34813 1925
34901 3026
34903 2892
35058 0
35101 3083
35107 1989
35141 1684
35204 693
35212 42
3525 641
35288 296
35327 0
35346 13
35380 1859
35384 35
35442 2310
35451 16
35467 2924
35487 35
35552 1863
35698 307
35704 2824
35705 1874
35770 7
35815 209
35846 1097
35974 2262
36041 5600
36130 1863
36137 3767
36162 35
36217 14
36219 6186
36261 3723
36300 6638
36325 2975
36458 3
36590 6193
36593 6833
36644 1139
37068 2897
37172 963
37339 1863
37363 1901
37401 6863
37489 241
37514 1974
37549 5619
37569 2149
37702 1923
37821 1141
37906 3059
37941 55
37943 1984
37961 23
37981 2241
38078 2994
38193 1863
38218 6244
38248 6663
3826 2876
38279 1521
38280 1072
38290 623
38325 0
38397 226
3843 24
38431 623
38510 1936
38535 0
386 2942
38633 324
38687 2952
38692 2163
38700 3185
38812 0
38840 2208
38841 2318
38960 1863
39089 157
39194 229
39197 6699
39270 1863
39292 2958
39351 324
39387 0
39443 1448
39448 169
39482 6783
39514 6983
3953 2149
39616 6588
39627 659
39680 560
39707 2896
39725 2896
39827 2839
39867 678
39904 1067
40016 0
40021 1863
40025 4617
40027 6580
40061 297
40082 42
40114 3760
40194 3149
40218 2219
40266 2276
40271 3225
40313 0
40315 2912
4034 24
40362 5668
40405 2805
4042 3239
4043 2156
40465 1701
40501 1863
40533 5690
40571 54
40605 1075
40617 2825
40702 6916
40706 888
40718 1527
40759 6581
40778 156
40787 300
4079 3008
40840 554
40951 4655
41047 6186
41075 1863
41087 2138
41120 42
41123 2869
41147 1930
41150 3006
4117 3183
41191 2825
41232 2880
41276 853
41319 1068
41372 299
41458 4630
41525 531
41536 4629
41551 2920
4156 5412
41579 25
41631 2894
41643 1863
41698 152
41728 6580
41763 2215
41774 3203
41793 1875
41820 2816
4191 2925
41916 3637
41925 6977
41935 1863
41942 10
41943 3076
41964 629
42001 252
42015 1119
42061 2983
42225 2901
42228 2951
42229 6264
4224 876
42242 3107
42285 6924
42320 3688
42346 3648
42350 1887
42437 878
42482 1863
42499 1449
42534 632
42611 642
42635 6597
42786 1151
42906 2847
42913 1444
42982 6826
43039 216
43118 2341
43124 25
43151 13
43169 1863
43188 253
43192 6191
43204 4532
43209 644
43224 2898
43252 1863
4328 2834
43320 215
43344 5617
43368 5599
43373 1285
4341 4636
43458 0
43465 6686
43516 1143
43526 2933
43529 19
43551 24
43585 2194
43623 3783
43633 977
43699 1863
438 5401
43959 639
43987 2149
44048 15
44051 54
44068 1863
44166 4945
44279 646
44292 4
44326 1092
44332 6687
44374 1912
44480 342
44552 3122
44554 263
44558 3277
44574 5614
44580 5422
44693 1873
44712 11
44720 306
44753 1954
44813 661
44831 6842
44863 324
44949 2953
45033 30
45035 4975
45098 3151
45174 163
45190 219
45275 730
45287 2873
45316 3093
45350 1887
4538 6931
45446 15
45448 6263
45483 1890
45541 1302
45551 3302
45598 5591
45612 6187
45647 1863
45674 1863
45680 5655
45768 1074
45825 1968
45848 15
45849 963
45944 2807
4596 6766
45993 35
46012 1447
46020 0
46065 1863
4616 6638
46165 3120
46201 1444
46280 1302
463 260
46312 1871
46323 6828
46347 7
46354 2810
46373 3703
46411 2911
46419 3596
46424 1863
46498 5213
46507 6782
46682 269
46693 1507
46721 6201
46819 6835
469 6196
46954 146
46958 235
47057 6585
47152 725
47187 0
47212 1882
47249 2149
47383 2149
47542 0
47614 3685
47645 3090
47695 11
47749 1497
47791 2208
4790 2262
47900 0
48039 2972
48182 30
48185 237
48245 2849
48259 2960
48281 1863
48298 310
48367 6629
48406 5630
48432 1888
48484 2813
48583 2808
48634 1447
48654 1519
48695 0
48732 2142
48849 4566
489 1863
48923 6584
48963 5633
4897 6605
48999 2821
49006 159
4910 3078
49123 3188
49236 3
49314 2808
49317 1863
49323 2013
49328 36
49362 143
4952 6648
49526 18
4957 853
49580 853
49668 1964
49677 2826
49808 1122
49859 154
49900 959
49924 211
49931 6170
49985 1465
50074 147
50095 6605
50130 23
50172 36
50181 1965
50197 693
50215 6909
50273 1863
50322 2874
50369 6753
504 167
50400 2205
50548 381
50593 2997
50714 375
50718 320
50779 1696
50795 226
50809 5577
50891 1905
50903 1530
50904 23
50913 6109
50917 6220
50995 1700
51019 0
51108 881
51165 2999
51284 537
51360 6204
5139 2130
51398 149
51416 853
5149 218
5150 1863
5155 6587
51591 6115
51593 1874
51600 1863
51603 6899
51613 1863
51648 6596
51652 2949
51689 1899
51707 2187
51784 2
51803 23
51827 1899
51869 28
51910 1892
5197 1863
51993 1863
520 1863
52032 223
52108 6836
52144 6533
52145 42
52151 2338
52162 231
52258 2962
52302 6981
52347 3035
52371 0
52415 3205
5244 2944
52469 1863
52535 668
52540 2861
52553 0
52617 14
52673 2915
52716 18
52789 3133
52826 3102
52846 6910
52924 1949
53063 875
53157 229
53171 3237
53208 6606
53243 11
53290 6629
53297 23
53298 5286
53318 1521
53361 1999
53416 2871
5344 0
53441 1441
53447 4618
5358 23
53710 7
53816 2938
53838 3024
53908 1874
53925 6841
53982 2149
53990 13
54085 960
54090 2969
54092 4944
54120 1863
54197 6205
54263 25
54281 214
54436 6629
5449 3656
54544 40
54550 2886
5457 628
54759 2896
5478 1904
54828 1239
54854 143
54910 697
54925 4566
54961 5620
5500 1303
55018 2337
55028 1863
55064 0
55168 3052
55170 6986
55177 219
55247 634
55328 2845
55341 6895
55395 6980
554 2853
5541 2282
55523 174
55529 3148
55601 264
55662 1863
55682 37
55907 0
5594 6897
55962 5207
56013 6620
56026 878
56062 1863
56067 12
56092 6943
56121 6913
5613 2868
56228 1153
56287 958
563 0
56328 2906
56342 225
56362 143
56392 6192
56410 229
56488 16
56496 5405
56498 624
56540 1911
56560 724
56585 143
5663 149
56649 3179
56663 1950
56683 2946
56701 1863
56756 1863
5678 1445
56807 0
56820 1451
56837 1988
56871 2160
56910 1863
56913 6778
56925 3680
56930 2905
56975 1502
57000 2903
57095 6906
57166 6262
57215 11
57389 1521
57397 235
57553 656
57765 10
57770 6898
57772 2888
57869 685
57870 3058
5790 2987
57921 146
58025 17
5803 35
58094 1521
58096 6848
58206 6258
5822 1142
58260 0
58312 6756
58405 6644
58426 2871
58437 6614
58559 6
5857 2917
58598 156
58608 1068
58611 27
58612 6857
5867 2855
58688 221
58768 1863
58784 6602
58846 3638
58904 5590
58998 238
59047 621
59213 1863
59259 1933
5929 3014
59307 2913
59319 1772
5934 6839
59382 3063
59425 1521
59447 2947
59498 3674
59511 1432
59512 6256
59527 1447
59533 6213
59546 1685
59564 1867
59618 6622
59681 6985
59698 1138
59729 1863
59754 246
59762 1528
59803 2149
59825 173
5986 6207
59875 2841
59921 628
6006 3673
603 3091
6058 1863
6064 1859
6075 4944
6089 1868
6105 3025
6172 217
6175 634
6180 693
6212 2893
6228 3687
6322 2227
6342 4627
6400 2857
6475 2830
6509 4648
6585 1517
6617 1067
6619 3015
6620 0
6635 2157
6636 3115
668 3131
6720 3166
6754 2991
6758 3074
680 3146
6840 6904
6888 226
6927 3753
6938 146
698 2901
7000 25
7012 1879
7060 2009
7065 1306
7094 2177
7096 3189
7168 1863
7184 1070
7201 6827
7221 6613
7258 24
727 3221
7271 5657
7288 1908
7319 1290
7346 5611
742 631
7443 834
7471 232
7531 1772
7538 648
7597 0
7659 3198
7664 5611
767 1444
7674 2832
7752 694
7760 1686
7818 15
7832 7
7853 6687
7854 2820
7915 1095
8075 6596
8095 6693
8144 1521
8153 562
8495 364
8531 2937
8554 1863
8567 1501
8638 2135
8696 6599
8742 1869
8749 3313
8767 1913
8819 5622
8835 1863
8868 1079
8905 264
8923 2805
8932 1079
8970 963
8999 1390
9040 17
9180 306
9203 143
9235 852
9243 418
9372 651
9475 5594
9562 2822
96 57
9650 1863
9683 385
9708 3657
9751 3
977 21
9786 2851
9865 1863
9872 124
9959 5694
